8.017185100438279921e-01
-5.485031957302612948e-01
-1.364991530896591199e+00
-1.763633164581503099e+00
6.053533706939435710e-01
-1.927791411984654257e-01
-1.893046193721666270e+00
-1.105242881942457789e+00
5.971338261485914511e-01
-1.245813735692980373e+00
-1.005260382052633794e+00
-9.487278781811294692e-01
-6.863097707595466890e-01
-4.119411784307145385e-01
2.352150957166767586e-01
-8.360028250886442081e-01
2.755470816817759960e-01
-3.065152333238034821e-01
5.687666137401530264e-01
1.240456856185815804e+00
-7.777546023792298868e-01
-1.599272045838250556e+00
-3.706716650592085105e-01
3.818529823347924790e-01
-4.217176267484837870e-01
-2.899399433250096081e+00
-7.455326030725060171e-01
1.375615756239429777e+00
-1.526026288921303653e+00
-9.471405363481836259e-01
6.845517488327634847e-01
3.148831082664392822e-01
-1.551072406682457494e+00
6.219331936471783617e-03
-1.240591818712746264e+00
2.386047209758023202e-01
-5.273550495015192352e-01
4.725389433770181835e-01
1.117436622886805342e+00
2.952377027149335476e-01
6.350140369922880890e-01
2.617692140463068640e+00
-1.917359012989211520e-02
-5.935097139881807538e-01
-3.145517179160356447e-01
-8.236071832675482263e-01
-4.368267527212000845e-01
7.172863361886225864e-01
-1.946639046652156591e-01
1.251001597027215473e+00
2.769020856212209836e+00
-1.151388469634630374e+00
2.990431280173693196e-01
7.428208625533965215e-01
4.745434599538836951e-01
2.153102656430844419e+00
1.215162545322415966e+00
-1.906377687779326369e+00
4.835924247495525519e-01
-2.836540617976288203e+00
8.916337533449286701e-01
-1.354478650491088398e+00
-1.544487420746627204e-01
1.035685310921344859e+00
-7.939312753999226979e-01
-3.521914351788305031e-01
-4.739022601675272894e-01
2.497441233567793129e-01
1.309866992814086029e-01
-6.381867942426624474e-01
-1.967935475094396480e+00
2.079709396092310758e-01
2.434600255132224333e+00
-2.434644254634846794e-01
6.571744585315351106e-01
1.605742810242641871e-01
1.385448173312797238e+00
1.614949079090715722e+00
1.890067581648114725e+00
1.863898799793937133e+00
5.657243765124471135e-01
1.197488382977093702e+00
-2.499199914252721921e+00
-3.819581954403215018e-01
-1.254097611254371580e+00
1.505227950171896589e+00
-1.969287716278441680e+00
4.034632357179867013e-01
-1.143575213576597083e+00
1.577622375787748332e-01
-1.871336152468718428e+00
2.125529984314042498e+00
4.574826395285657155e-01
2.766924410138771773e+00
-4.806777080970955351e-01
-7.588359809991990224e-02
-1.358351211231324962e+00
-1.238227884757961972e-01
-1.800008358309070244e+00
-5.014451709619960340e-02
5.254362169489493750e-01
-2.307988174820571614e-01
-2.242631835027882881e-01
-1.464856621452714225e-01
-1.038030325964076767e-01
7.640841635211570448e-01
1.497432952054578603e+00
1.548425949671062618e+00
-8.093724267269886141e-02
1.645121094315075583e+00
-2.773998489118132404e-01
1.535167900797687945e+00
-9.164329804054315298e-01
1.137075790704490830e+00
1.216229450168360815e+00
-6.455692554605652056e-01
1.328874141536963815e+00
1.421720045441662750e+00
4.046413711137453184e-03
-2.968102865568429394e-01
1.505508019513641660e+00
-2.219410256656386249e+00
-5.651922587347633087e-01
2.381431651015126771e-01
1.815882162377441933e+00
-1.762122839440112276e-01
-4.034193460941920550e-01
-7.549938920813645815e-01
1.920434055509502747e+00
4.605328176176285426e-01
-3.996108430688932178e-01
9.972773845759500544e-01
1.444643568063296302e-01
1.891948957804201026e+00
-9.373431141891983565e-01
-1.013222185899319783e+00
-4.130348818422999169e-01
5.521678899205483271e-01
1.034297161356166672e+00
-1.397361302668567729e-01
3.530028991127003302e-01
-2.111116983962383564e+00
1.217734572545461802e+00
4.842224371582017906e-01
1.980201394491646338e-01
8.313591885151999650e-01
-1.184555216997445148e+00
1.649332095750003280e+00
-1.247647754493913741e+00
-4.968421955876389240e-01
-1.719287265436307610e+00
1.703051144319066013e-01
5.900154645267381426e-01
3.864059817287623377e-01
-1.444796024726718198e+00
-3.630620455411986414e-01
-4.874587158842916823e-01
4.675710406762366156e-01
-1.549383936764025804e-01
-2.358718919885568255e+00
4.011179699217036765e-01
-1.962483395509009299e+00
1.923271464381085094e+00
-5.157699615397485227e-01
-1.291595385065779977e+00
1.714933479184307830e+00
-5.431336857090010017e-01
5.164502041396223930e-01
-6.480190788219644116e-01
8.608093917898392844e-01
2.429085702440687555e-01
-3.168185961693818498e-01
-6.869965114739629009e-02
-2.038419007236133562e-01
1.881963524843935698e+00
-2.693070234360565696e+00
2.553380779125238753e+00
-6.289728685487203652e-01
-6.786886925040529484e-01
-3.054425942544283235e-01
1.275022093476711360e+00
1.356462676646485122e+00
1.236219002556826041e+00
-1.353053632889485769e+00
-3.803269017494029569e+00
-9.410157667442287099e-02
9.971947851282396691e-01
4.204919282818117554e-01
1.411618823267043465e+00
8.468461607541621916e-02
-3.368046536979236727e-01
-8.071970242870495360e-01
-6.928244651173869340e-01
4.176523233443616423e-01
-1.590081976445912648e+00
6.664067483807739611e-01
-1.901977008664878177e+00
1.677169542348189601e+00
-1.376354476096100787e-01
1.254204615981013626e+00
-9.961218417389398061e-01
5.907698151759981364e-01
-1.417644358663124882e+00
-2.303164489416776317e-01
-2.105844324490355746e+00
2.760857450356141163e-01
6.998096552989599983e-01
-4.194994549188135746e-01
-4.669236645365395511e-01
-1.259820777561452942e+00
-1.545805805018945212e-01
5.860415558555929355e-02
1.241243577426362488e-01
8.253737899616165885e-01
2.545406498421765029e+00
-1.312543621024566898e+00
-1.085419050018214815e-01
1.113353443017578215e+00
-1.502911571036031346e-01
2.581815801125281196e-01
-5.401513842637185592e-01
1.443876020311206210e+00
8.253515560221680314e-01
5.422867543590972339e-01
1.501126914860846817e+00
1.124671016084337616e+00
-1.229562789215538965e+00
-2.777546304068386762e-01
4.962508147309683260e-01
-3.673630494098284460e-01
-1.132424308466770668e-01
-9.660277208511863778e-02
-1.152056071016477334e+00
9.187746071878797327e-01
-1.474837331044448474e+00
1.578829748424207757e+00
2.320411788151456101e+00
2.069465421807083150e+00
-1.547842063012356273e-01
-1.758742190876968703e+00
-9.675545914696578320e-01
-4.131045998287943277e-01
1.715882622141037928e+00
-2.197112579348867722e+00
3.006582366792575067e-01
-9.635227930025463960e-01
-3.908579948887721534e-01
-3.991593941726556682e-01
-3.596425228997850443e-01
5.485352806564827155e-01
-1.037387985707542537e+00
3.606431235753380649e-01
-1.167162554028741361e+00
5.529724395199117071e-01
-1.936412906484380192e-01
-3.084803924923584240e-01
-2.267136601819529140e+00
1.266396995670226122e+00
3.053723184138456670e+00
-1.834024220300635388e+00
7.292111093113975429e-01
1.656511115358099695e-01
-3.537129138498665837e-01
2.172617784916190953e-01
2.649761568729254613e+00
