-1.412154232462948800e-01
1.982982142305292239e+00
7.429147820435941796e-01
-1.146685498502131972e+00
2.202273207281126410e+00
-1.164942898088248358e+00
-1.244068253175684813e+00
-1.365238979479002301e+00
3.595039344440080775e-01
4.956263306408179581e-01
1.367646954676912108e+00
1.158828419191403336e+00
-4.132755716374201249e-01
-1.311117592192128090e+00
-1.175578176544662234e+00
1.270782136069988688e+00
-2.300305508708338387e+00
-1.939448028553769410e+00
-1.019064719629817262e+00
1.471864834145245604e-01
1.511052699019368672e+00
-1.543219953814408907e+00
4.502576532378623764e-01
-5.118886448766968300e-01
1.260555511761981995e+00
6.612630115786747309e-01
1.347339356492696538e+00
1.863235176777763957e+00
1.211309619571292462e+00
-6.857940959521209301e-01
5.824306856419397826e-01
1.251333312459898428e+00
-3.326983273825851128e+00
-1.614075681085833658e-01
4.230480334778076168e-01
1.260240940247960628e+00
8.264642950011638067e-01
2.061145181779479696e+00
-2.689207296802531566e+00
2.736915575377347309e+00
-7.801569573147283387e-01
-1.928098294466910056e-01
2.284749944493006168e+00
8.961148309202786599e-01
1.168059339730037838e+00
1.939617014598489231e+00
6.297211657712817878e-01
1.875833565236750822e+00
-2.550642266289053772e-01
-7.266752217363341426e-01
-1.581495882818661158e+00
-2.965382187953371051e+00
-2.976005190217271945e+00
-2.868311225589545543e+00
-1.428274433374370433e+00
3.985024454138831329e-01
-1.681462451549976089e+00
-5.931949096492453721e-01
5.521928865973542155e-01
-6.265875076226065654e-02
-3.462865963073667452e-01
2.686958305515408929e-01
-1.347536749287653546e+00
5.892452831125221113e-01
2.104121569056751184e+00
-2.016878917929453063e+00
1.707829370276201741e+00
-5.627282377617738307e-01
-8.229279272078180441e-01
2.669240643772619492e+00
2.502174738761487216e+00
3.716660801283815374e-01
-4.644466782175782349e-02
1.329235670309175665e+00
2.364982846348122170e+00
-5.740931288821424783e-01
-1.032098037962532633e+00
2.570469735904821640e+00
-6.149476077838977872e-01
3.018095301787519169e+00
1.671947484134237882e+00
-3.162485336525597268e-01
-5.116387734322691561e-01
-1.166026004377096470e+00
-1.127345961392833829e+00
8.991552707136758471e-01
-8.317683546561951413e-01
-1.436666226795393797e+00
9.206639350648597730e-01
2.008646738161385059e+00
5.238989320811102690e-01
2.477939321652106841e+00
-7.950761374263868309e-01
2.042459663968632988e+00
1.983393462867962365e+00
-1.773725054711337901e+00
2.234547502095800997e+00
5.765770643106766791e-01
5.945466442898124093e-01
3.423725734920080477e+00
1.045837536501032394e+00
1.178237016959484906e+00
7.194264863590049686e-02
-1.595357681454950161e+00
-8.556753001709962447e-01
1.954990324325740714e+00
-2.084109274800497680e+00
-1.805062224830186413e+00
-3.036371629484589274e+00
3.478365252719683998e-02
-1.823397739117719851e+00
-1.436598982585705286e+00
-2.772262719482732951e+00
9.238789384570194052e-01
1.082485081012253714e+00
2.181407417483546496e+00
-9.301247057527350925e-02
-1.495564891272154862e+00
-8.556901364047877490e-01
4.693508501451834070e-01
-8.799661380664443033e-01
-9.958552554388144795e-01
-1.110314067538638483e+00
9.130122733729630902e-01
-1.967384019788429583e+00
-4.431950684525132189e-02
6.679346157798646821e-01
1.787019596953450806e+00
-7.793677879345927151e-01
-1.296646577341447504e+00
-3.284031393504739382e-01
-7.372120293372825817e-01
-2.061999337605409099e-01
-3.926327792098540104e-01
1.908708243759713041e-01
-6.319762355242510843e-01
1.113523368362490551e+00
-5.378293593195604405e-02
-2.286384169977344616e+00
1.313229075108466537e+00
5.059917663406382493e-01
-6.876217085599084511e-02
-1.274699697270398335e-02
-6.528036770468428340e-01
1.291631688462245187e+00
1.334583275974356775e+00
2.868120276824139836e-01
-2.214342804856526126e-01
-2.189828012007637881e+00
-1.329046454899302843e+00
-4.253618805133318470e-01
-1.093342296154286908e+00
2.482615081548877445e+00
-1.105107320335954713e+00
6.619256051895988646e-02
-2.867873788854864436e+00
-1.017137134830740974e+00
-2.124787322457812877e-01
2.128715835094967535e+00
1.791012635811971787e+00
-1.416098383958127815e+00
5.555393502248749948e-01
-1.138638400917178384e+00
-2.163832985970801648e+00
1.263677460261189323e+00
-6.039343818950770881e-02
6.449238091380561366e-01
-1.507230362188531902e+00
-1.405489013509085616e+00
-1.883932612419522368e+00
-1.598708761234564624e-01
9.579762949992446375e-01
-5.131083709602645565e-02
-1.400867169443658522e+00
-1.512385273846154954e+00
-1.155060385449394045e-01
-4.187189553298927835e-01
-1.807331886379452301e+00
-1.126834421039284884e+00
-1.863455264181652637e+00
-3.479941207589252183e-01
1.048026920226824643e+00
1.788798681916057287e+00
3.249718920298211855e-01
-1.575733022923117677e+00
-2.204892061653988655e+00
3.202872751082974645e-01
4.165853005316004221e-01
2.478959612516828948e-02
5.878115207079760429e-01
-8.525064920253474510e-01
2.300606158655446265e+00
-1.607031734003743662e+00
-2.683258753736066815e+00
6.308293378748848212e-01
1.757481988850061461e-01
-1.299684872316814177e+00
-1.884487325779620193e+00
2.116631455356891234e+00
1.963870376863247336e-01
-8.512977150143689886e-02
1.699719097639081911e-01
-8.550933464346203161e-01
-2.754739273261884946e+00
1.709492425744482791e+00
2.982651291483519596e-01
-2.444746816914669663e-01
3.163052276798178353e-02
2.282376423705633872e+00
-6.576238698984377962e-01
-1.199520583555620412e+00
-6.217756769034576969e-03
6.835408276799141980e-01
1.100740920989328631e+00
-2.825448596577344151e+00
7.235764960191100048e-01
-1.529774452677798768e+00
1.405039223698488771e+00
-2.062013751184723187e+00
6.174937697507466572e-01
-2.114706558443311124e+00
-1.555779542544742933e+00
2.049140589146364988e+00
6.193651283745426062e-01
2.033089515142988413e-01
1.369414086586316692e+00
-4.478997183713242514e-01
1.010432050771953527e+00
-1.805101708046136011e+00
1.876119795571307591e+00
9.556466745903888782e-01
1.816417067266648200e+00
-1.955041353272847227e-01
-3.349247534790943170e+00
-9.037458140507463877e-01
-3.483287965805874631e-01
-2.498414341965400354e+00
-1.741490783365359896e+00
-1.767599370485352372e-02
-1.301457188194549364e+00
-4.291384249715879950e-01
-1.487244025321434293e+00
-1.210322373742753088e+00
2.098024199552202873e+00
1.546396571548487531e+00
-9.189909944766128103e-02
-1.593552880314687892e+00
8.357073907522023504e-01
-2.020892854686053841e-01
-9.158401296678921888e-01
-3.634651120925391776e-01
-1.932530666253601703e+00
7.542156495894802859e-02
-2.743927767309170207e+00
1.857772540495221947e-01
-1.771368819620513735e+00
1.084017633340368381e+00
9.468699371270677956e-01
4.458386838487302661e-01
3.527921301381796715e-01
2.839230335678901707e-01
-2.264035086094493110e+00
6.940481499007571387e-01
-2.806082251147841156e-01
1.354911760971952983e-01
