-2.216959515841483985e-01
-1.895643466733416549e-01
-4.922951317735052568e-01
7.825755719688490819e-01
7.710357437890886789e-01
6.835164158821412927e-01
-1.116528215941176849e-01
-8.810171408889868466e-03
5.590887548599068890e-02
-6.495070291063032020e-01
-5.000995276497874342e-02
-6.987431295616360893e-01
3.206816637696698891e-01
6.256993477523932201e-01
8.089961848634591446e-02
4.360007645919092845e-01
5.349551843940306695e-01
8.585666973398409230e-02
-2.407097898466506181e-01
6.804470538885647457e-01
-3.367461051959635410e-01
-1.424263216193863701e-01
3.371332086764395886e-01
7.751640092164435725e-01
4.038224609319951419e-01
-5.934264909536892674e-01
-6.353436772674560251e-02
-3.246663583688882970e-01
8.261325387267539136e-03
-4.061956637710996132e-01
6.551903283503985875e-01
8.171993239915126273e-01
6.100250670199196534e-01
4.018395148956228624e-01
-1.860347810027950799e-01
-5.893080364823417572e-01
5.969531431260577392e-01
-2.393596501250209660e-02
-1.942783642929125643e-01
-3.926347034265328384e-01
6.051882016312003509e-01
-4.001135478946605817e-01
-6.063594738268125450e-01
2.152296621502683416e-02
3.741190518260814057e-01
-9.270456214081872204e-02
6.360564074321051198e-02
6.856002706752117870e-02
-1.126465731490379346e-01
-4.463759881634156712e-01
-5.839083298570342251e-01
3.844916402785665266e-01
4.098215184156285273e-01
-3.862641981528654178e-02
-7.319750338090440511e-01
-3.252165876351489904e-01
-2.624101244819259660e-01
-6.625246044593781081e-01
-5.605198050630051387e-01
-3.065356551805929058e-03
-2.859356789364789209e-01
-8.446745454714660317e-02
-1.224686823918117451e-01
-2.125383703112589950e-01
-2.330949548284235728e-01
-6.495774742724116368e-01
1.359065231843261667e-01
1.588293023278506966e-01
-2.903519646613637595e-01
-5.718236504587546065e-01
-1.810290533097409227e-01
4.736446980004087592e-01
-4.337385863579159562e-01
6.496361420685144161e-02
-1.001400197776603634e-01
5.380363951708215797e-01
6.529337523084401962e-01
2.528999527772941569e-01
6.451487384540927073e-01
3.335983703852760662e-01
5.422434528382058527e-01
-2.295123657673115436e-01
-5.191169859805857545e-01
2.777776934774062734e-01
4.472053094316469357e-01
3.684373661782777143e-01
4.905579746784242690e-01
-4.895945959304323081e-01
-4.846277410810877484e-01
3.403777706433359640e-01
-3.331762037818893352e-01
1.378853055847275577e-01
1.987511890367057721e-01
-7.856119725418063693e-01
7.095303780815070960e-02
2.298390505847721643e-01
4.931055231480988010e-02
-1.127218260920049564e-01
5.146816636950825030e-01
-8.314719257410819742e-01
-4.045689997938740623e-01
-3.204107330753198646e-01
-3.546742541683727684e-02
1.195791096810284310e-01
1.080733311658604312e-01
-1.041365971039957816e-01
-4.195970493344117203e-01
1.756126405903604693e-01
-2.276608201660362263e-01
2.506779968040903084e-01
-7.364919612673928029e-01
-1.190707614254170460e-01
7.023690283197006057e-01
9.179678537380957515e-01
1.656936542470624496e-01
-3.976491080472571715e-02
-5.534288088381984494e-01
1.659187723314473062e-01
3.975214533715898946e-01
-4.406832194355724264e-01
-5.127403308077149724e-01
6.854179572852807656e-01
5.506452337161186206e-01
5.289229200952267895e-01
-4.881388760286866496e-02
-3.879135343490828780e-01
5.961172910429151095e-01
4.739336613659757558e-01
-3.066034628030912534e-01
-4.412318128362429093e-01
5.960134377734852551e-01
-5.922090568934015309e-01
-4.191068392827494715e-02
-2.490505890681470880e-01
5.396175288366636957e-01
2.707736258154492814e-01
-1.827118476885553899e-01
-9.121868731262339214e-02
3.625726552107242373e-01
3.001262579880143236e-02
-1.516858286565718195e-01
-3.586666178326497478e-01
6.725826250774257220e-01
3.725615871553798475e-01
-2.396109920161070272e-01
-1.875873529048658062e-01
-4.724832045906921518e-01
1.114202833967816234e-02
-3.853826238113460811e-01
5.594981491880307578e-02
-2.034450649315747151e-01
5.901043023563175005e-01
-3.694999647282919408e-01
1.783454111931563335e-01
1.486885569501846249e-01
-4.421607608313861126e-01
-4.935799999135333516e-01
-1.250850726260427925e-01
4.588495574703894686e-01
2.025324666546502173e-01
7.396803547963639591e-01
7.751444205364763640e-01
1.442630846929470745e-01
-5.757930495743397437e-01
4.299793713729173072e-01
-6.001539971504639137e-01
-3.366937597128548676e-01
2.014036723674512697e-01
1.117413407712073148e-01
5.662660075442853547e-01
-9.137965059267591506e-02
1.422728347526653059e-01
-1.726014924715217613e-02
-2.376965040157533460e-01
-6.002628423613106667e-01
7.696001583931667556e-01
-3.325532318351082095e-01
7.994206723782153468e-01
-3.431714166353305034e-03
-2.059861514343388003e-02
-6.516014560983657278e-01
-4.380019684174708550e-01
4.494450115588121131e-01
1.040411422859576079e-01
1.758469844342906707e-02
6.020135271014142031e-01
-1.867149538933665642e-01
-4.596675825919869784e-01
2.939273464928958135e-01
-7.801947184781188316e-01
-1.543653969718641050e-01
-3.259719486025289825e-01
-4.851444365365363276e-01
-6.613573012173818988e-01
5.480667565151409182e-02
4.165638538847042660e-02
5.257066631188943573e-01
6.178765958942392666e-01
-4.051899602907491627e-01
-4.057026126544288624e-01
-2.565607205145512548e-01
4.825845283301145594e-01
3.793202833999902990e-01
2.811096979041391997e-01
-4.291970266333529072e-01
-4.486184898711654823e-01
-4.306515940087771166e-01
-2.167210814711104105e-01
-8.608346087937393531e-02
-4.606580552544925489e-01
-4.798539591597344132e-03
-4.194376427260393392e-01
2.028375382174699704e-01
8.796426759701727605e-01
-4.718931630152495837e-01
-6.202144465093863135e-02
-3.846767798220938062e-01
4.421985038283935410e-01
-1.422128561844753503e-01
-1.989953165005254876e-01
-1.332758333465222378e-01
1.868204149920473234e-01
-5.631396301110590530e-01
4.988584736774244188e-01
3.818777883173428700e-01
-2.189605290838973206e-01
-5.090696199189871374e-01
-2.574270956189934623e-01
8.013419306258366959e-01
4.135659955569725987e-01
-5.502366579142539127e-01
-4.118533080249749956e-01
-7.739461738811804700e-03
-2.864351806863788541e-01
1.800077881781048661e-01
-2.840727174990565485e-01
3.958503010654604304e-03
4.478331088001591964e-01
-2.003271371834071668e-01
-2.612091088630559277e-01
6.354200838342547453e-01
2.531415829466912570e-01
4.006539744451228513e-01
1.100372213501308871e-01
2.319682080534430924e-01
-3.521032487970812697e-01
5.632505060937587071e-01
-3.516348149195862582e-01
-1.283951592897853433e-01
-1.984908891541901643e-01
3.256099199472082262e-01
1.140243703325261454e-01
-5.359090638686864194e-02
-2.175358715783725361e-01
7.649903384641125736e-01
2.199429829842032835e-01
-1.774856243527504485e-01
1.460152417566626948e-01
6.676211894684860315e-01
1.037243887818090071e-01
5.289595412957623921e-01
3.354206869192490892e-01
-3.210840137411793277e-03
3.530901811558000425e-01
-1.528963245637775525e-01
