7.519439663416553898e-01
-7.360258750147441464e-01
-8.512221624248854646e-01
5.708912393313385625e-01
-1.360652132611546161e-01
8.094805944067913206e-01
-6.264595789656066671e-01
8.115640475430911938e-01
-3.290148478496337514e-01
7.119816416576472129e-01
5.428903304452292744e-01
-7.695292098246571122e-01
3.164244074941673368e-01
-9.606056561262137361e-01
-9.794312054220739583e-01
8.079829936306273108e-01
8.559068119750192771e-01
-9.769750085414896645e-02
6.022963570204196149e-01
2.794353171714070161e-01
2.840169362200979375e-01
4.423914097324217476e-01
-6.198464660134590520e-01
-4.260290410560012564e-01
-7.109896325398668004e-01
-3.707283209122504974e-01
-9.892682109390000811e-01
-2.786650662102925224e-01
2.059852615926984765e-01
2.327765152180638619e-01
2.103294099702988085e-01
4.816571819058361736e-01
5.262612940460087430e-01
-1.667808514043851442e-01
9.389207435238404731e-01
9.487039550230913498e-01
-3.599156501896412230e-01
-7.213220051501290087e-02
1.878349120776960923e-01
-3.472110798183287717e-01
2.567865542974920867e-01
7.930861259487986814e-01
-9.848481119607075396e-01
-7.903326441091433896e-01
-7.247415068712332875e-01
8.729363297771206565e-01
-4.163222771232213404e-01
1.088313790873840503e-01
-1.580153726691317928e-01
6.575896612691427556e-01
-8.186474678812245553e-01
-4.138682404631297551e-01
2.533157572261981461e-01
9.708861613629233833e-01
3.707847390445118130e-01
4.808416943188440484e-01
6.561214881953523204e-01
7.559077472982618229e-01
3.249080162747173262e-01
-3.056703106928544411e-01
-4.065618563436550481e-01
2.291518480786058909e-02
6.697208712435271938e-01
8.537105692414526104e-01
3.034329308642891299e-01
9.836721696898842460e-01
4.181845678715767622e-01
-9.272711515229214996e-01
5.443357158927684125e-01
4.540231491654440621e-01
-7.686170425196976463e-01
7.457641749125925035e-01
9.080333619092324504e-01
-9.357196108084981923e-01
1.479996571677035799e-01
-5.426816863028347537e-01
2.191582391419792941e-01
-1.171180402307958612e-01
2.903867992970372569e-01
8.862187352040558075e-01
-7.472700868085326853e-01
2.772882139418122449e-01
-3.020445546400569725e-01
-9.148847881467074838e-01
-1.029300461597237870e-02
3.277952345353747354e-01
6.206984224865605970e-01
-3.251020236420953946e-01
-5.696599932693708901e-01
-3.668217445334003290e-01
-9.692708247267645127e-02
-1.856119090134018546e-01
-6.619756995232137786e-01
-7.433619838202663033e-01
5.179794641008865774e-01
1.046104181047755599e-01
-1.293919930740374813e-01
5.383586178697863378e-01
8.036177233565571232e-01
6.630963758219867721e-01
4.726907974345693209e-01
3.560024228967271220e-01
-8.095119186591948068e-01
9.695063744519967219e-01
6.838732076388585046e-01
6.183822587917611191e-01
4.060060620623651140e-01
7.223455037174872917e-01
6.617143892865517962e-01
-5.956462458076694499e-01
-2.476932589358329384e-01
-7.028485999183669009e-01
8.297023532291318837e-01
5.191641288895170181e-01
9.163211921508862545e-01
-8.589052662838281282e-01
-7.619984087908640014e-01
6.712626470876197349e-01
-2.948586473493590709e-01
-7.282952446934998214e-01
-1.841514163726110098e-01
9.136084597150728737e-01
2.016834233335955684e-01
2.812887840222695335e-01
-7.512386203854826139e-01
4.301230449513868681e-01
-1.694303794848450728e-02
-3.114998125958596820e-01
-1.752603566525097190e-01
1.836581609976060125e-01
-6.544133697261433902e-02
3.037457267035814645e-02
-9.205589703201173535e-01
6.750994828475305187e-01
-9.672452909671811483e-01
7.358558841899334180e-01
-8.309723834522793062e-01
4.470868585872198597e-01
-9.361980151709634601e-01
3.701983245613382767e-01
-3.807597413239982576e-01
-3.710855913985038335e-01
-1.416277911803729417e-01
-5.119738367482811192e-01
-9.611299913998554434e-01
-6.447656451518790632e-02
3.540855428729776655e-01
-3.249132231674061178e-01
-9.337974085700615490e-01
4.846804855070110385e-01
6.042851937363991066e-01
7.370628730425834441e-01
8.403783600322500824e-02
-7.767721134118530379e-01
-4.410729339544228189e-02
-1.473722344477268464e-02
-5.754571209422734146e-01
4.237363428741030003e-01
-9.150708162120715361e-01
6.025804394514708839e-01
4.783102771665341812e-01
-7.921753146418784031e-01
2.432829592068170843e-01
9.898912202262355464e-02
-2.751361102561282745e-01
4.171052285309784224e-03
5.262897443785563567e-01
8.233356450177042873e-02
-4.871632504328069491e-01
-6.975733933464958181e-01
-4.971059045738723814e-01
-2.816896254666465538e-01
-5.943601620502687588e-01
-7.690915075492801289e-01
-5.914701121843350951e-01
7.611985378237171584e-01
-7.910040030838387803e-01
3.517005976062630435e-01
5.238228416184014247e-01
-3.322658042310926430e-01
7.872321475383070588e-01
5.547905064454918822e-01
-3.192051693135782298e-01
-2.773251339925471015e-01
7.049754212566141653e-01
-6.410559660153378747e-01
-2.278144980952279131e-01
3.424086976523064152e-01
9.827768861033487902e-01
3.856219170326524726e-01
-5.767363627590009756e-01
-4.458472738824554860e-01
2.629480561199508681e-01
-6.243341441641225842e-01
4.997910083527348224e-01
1.219590955038845070e-01
-1.308208670356907355e-01
-9.856881813092046585e-01
-5.400521323592457623e-01
-1.874926705661550397e-01
-8.978638327431507360e-01
9.281563695850205686e-01
1.124903657340632357e-01
-7.225248388767127050e-01
8.215533686427070048e-01
8.619332797420220516e-03
9.403487437517465963e-01
-3.938896483884175570e-01
-9.615076712010324211e-01
-8.810517559981629887e-01
1.353345535037586700e-02
-9.808547228750041924e-02
-6.423224332822519145e-02
8.152352255052992547e-01
2.693835936297506173e-02
3.350704868572518258e-01
-1.616007098659995034e-01
-9.110147939450039534e-01
-8.748006097570548700e-01
-3.416431226723184444e-01
-8.968205295169355828e-01
3.917453543509425984e-01
7.931862056863998589e-01
-7.311025122861882775e-01
-2.199086984063740591e-01
7.827118369001326847e-01
-6.231231359612607879e-01
7.656232442786188308e-01
7.078130072299675390e-01
-3.711383110076305059e-02
-4.888665722682963288e-01
-4.776576921550321764e-01
-1.065047880841807348e-01
2.642698179211455667e-02
2.352919897334544430e-01
3.091123207215946689e-01
7.521570982896232938e-01
9.921931638499865702e-01
-9.391002353888744381e-01
4.396354581492687430e-01
-8.453910983690742231e-01
-7.775455778846946941e-01
-9.531106234129922417e-01
2.460411730330369640e-01
-2.175619887993296420e-01
-9.448674212953347418e-01
9.885767609123934374e-01
-8.152332331468352677e-01
9.153153887082237095e-01
1.000640768352689669e-01
-1.452352682951059126e-01
-1.727204616498618783e-01
2.215222554733866644e-01
8.542160473364575068e-01
-3.180251702322178797e-01
-7.946161135166940337e-01
-2.897002276155802303e-01
8.792540878131303028e-01
-5.130254127030400291e-01
6.888512318361295073e-01
6.126156775033517743e-01
-8.079558015623165002e-01
2.098076264757842146e-01
-5.497408675913828535e-01
-9.671467741060919554e-01
