-1.669040775786430342e-01
3.503336753365521306e-01
-1.865552170611170513e-02
-1.440547792524315696e-01
3.005209856630995935e-01
1.526300441240842354e-01
-2.257062735120785313e-01
-1.659700851103627084e-01
1.008835021253713521e-01
1.045461671137083992e-01
-7.069123671694914346e-02
-1.086456158360317864e-01
-1.447385478429515093e-01
-2.349914387991787479e-01
5.160976515789087449e-01
-2.422843296950726866e-01
1.722226279094919987e-01
3.575360088406469572e-01
1.933628032286255904e-01
3.176605476152518648e-01
1.311844217839311932e-01
2.618436243873830671e-01
-1.233885543020551145e-01
1.832113974135443357e-01
-4.447928988137217488e-01
2.982260514024111520e-01
-1.351644105547732677e-01
-3.418358769621980819e-01
1.135209156146939347e-01
1.355551194046397678e-01
1.694869528034449180e-01
-1.277240214588876988e-01
5.575020640124401794e-01
-3.089982255829850089e-01
-1.822484174478563868e-01
-1.007471051882572327e-01
3.516767611647868969e-02
-5.541821826575103749e-02
-4.221971050301391304e-01
-1.970844950169658716e-01
1.423080952657121423e-01
2.556693076588948399e-01
1.647218835403396198e-01
8.660804558120119290e-02
-7.546264740901351131e-03
-4.043717944397312580e-01
-4.181106871215897747e-01
1.590536221246728887e-01
-2.511998984464980378e-02
4.682374781673647735e-01
3.493693849820593278e-01
-2.635007761968557322e-02
-3.988172490393804281e-01
-1.035645165920298233e-01
4.177752126791520748e-01
-1.133190557313244057e-01
-1.463788680792107721e-01
-3.194851304873218556e-01
-5.879958006978606155e-01
-1.141627666940913249e-01
6.132694829762636024e-01
3.815489512721217946e-03
4.355023865704013009e-01
1.302952915868532124e-01
4.856748449258030953e-01
-1.472794083466908432e-01
5.171741895785780807e-01
-2.882126862347514917e-01
-6.039522150364635966e-02
3.690966951815464331e-02
2.136819994740452033e-01
-3.457498968252077365e-01
1.144407499506104181e-01
-1.786575955720406395e-01
2.725958986368522408e-01
1.121585979246431941e-01
-5.572392297610435641e-01
-3.512668772141835927e-01
-8.982633230180547823e-02
-1.506701310862234022e-01
1.023727049533293687e-01
1.974364037468384625e-02
-1.419216647219567196e-01
-2.258401081269857114e-01
4.619899589763067915e-01
5.650755480395895647e-02
-1.875317709451924386e-01
3.402729859684207048e-01
1.878611377891954981e-01
-1.068038889361292709e-01
-1.160012705394533883e-01
-2.965072558497453548e-01
1.263467936452458140e-01
2.092261828359460174e-01
-1.303990611311744985e-02
5.957529192361759041e-01
-1.872193714620565275e-02
2.618044127437983704e-02
2.780853995475920382e-01
1.008014412014399952e-01
3.661385350703144637e-01
-5.418777135639329945e-01
1.900109231422875966e-01
-9.487982518489479489e-03
3.848344465652062674e-01
3.004868517555906449e-01
2.784875901931436193e-01
-1.266480115398796735e-01
-1.513293300219492599e-01
-6.046544743551743317e-02
-1.959772758884497645e-01
6.439572547208130548e-02
2.299788615561366434e-01
1.351138929483807760e-01
-2.451821968202370083e-01
3.625746207001298571e-01
9.717501186852772754e-04
-3.595632461371772726e-01
-1.809284799645577702e-01
-2.777052256689362952e-01
5.672460293555028898e-02
-2.082995835818424735e-01
-8.895493547701840975e-02
3.129064574730765491e-01
-2.033334194059079614e-01
-1.789528619125603237e-01
1.843841640881996313e-01
-2.286964423301873217e-01
-1.540840475750769323e-01
7.741595711318306761e-03
-1.513540186420555822e-01
1.267853087134830081e-01
-2.265757950227730855e-01
1.492934944002543840e-01
-1.359556440702347213e-01
-6.179178868535757652e-02
-1.495166791361014075e-02
1.882940360976986804e-02
8.253578670018982266e-02
-1.720782664858716005e-01
-1.068484653185676758e-01
-1.364554903391075324e-01
2.336386683274569720e-01
1.439080040992345433e-01
1.716722178363995766e-01
-1.597735525484098029e-01
3.125801449071389237e-01
-2.540445133684798851e-02
-2.725597145977809999e-01
1.628108523807242358e-01
4.220998273954850166e-01
4.025374362119753524e-01
-3.674044177967425440e-01
-4.318854418471391662e-03
1.452056237886900358e-01
3.549255698266004511e-02
-1.223137431984006318e-01
2.653435369156970092e-01
4.050126143522360667e-01
2.165201227192017908e-02
-1.407220680270060975e-01
1.749630187443491081e-01
-1.079437730340387647e-01
4.188053452909502594e-01
6.246257154605075468e-02
3.866934457350276189e-01
-4.597822114297045459e-03
3.402064481815141317e-01
2.614350219897674799e-01
3.511405372028491567e-01
3.027723922969590142e-01
-2.941419684987293670e-01
-6.656163939103675042e-02
4.383280383320647955e-02
-1.017600951227567163e-01
2.902144705492191654e-02
2.546436803987214836e-01
3.642287190313735490e-01
2.932116631548281616e-01
1.740614802814598183e-01
3.344888787968169908e-01
-5.024774137566681564e-02
-2.338900053587626982e-01
2.421722836131566525e-01
1.487649765446264205e-01
1.469911738039296756e-01
-1.554183950871956821e-02
-2.528564300103177676e-01
2.413043202896179018e-01
-2.092584534641722671e-01
-2.550594968758203018e-01
6.715274277009640469e-02
2.560917261120315702e-04
-3.474924749142331293e-01
9.729718991561597807e-02
6.567944560748206762e-02
3.495633229890766080e-01
1.440349190935747981e-01
1.885719458858673703e-01
2.423485616088460470e-01
3.714519512546053948e-01
2.947481844846003285e-01
-1.011690613906053582e-01
-4.431317491727191360e-01
1.432636827525619605e-01
-3.628600904982232644e-01
-9.935818309260878445e-02
3.748577052494432849e-01
5.447238835650360933e-01
-5.461650468580185880e-01
-1.078838014158012976e-01
-3.277207331842891813e-01
5.815508480635706023e-02
2.708352412868784143e-01
-5.494423050788603824e-01
-3.791608610158509474e-01
-1.244827527510633525e-02
-3.417121152797297778e-03
2.909987487188129274e-01
9.781334512606763842e-02
-3.928917641736716648e-01
1.231947209253388270e-01
-2.078317750431289690e-02
-7.607818110369202191e-04
-1.733815151244553765e-01
4.655966728467095250e-01
1.034087512461726588e-01
3.975254859478897229e-01
-4.430943641117400800e-01
-1.316529751207826671e-01
2.134469685104422587e-01
-3.911320838715020010e-01
-1.822981644277009150e-01
7.738162851313742929e-02
4.698044374216121810e-03
1.439753089915539186e-01
-8.053288749329742813e-02
4.449106058717529344e-02
3.439516167532672419e-01
-4.610842854643885658e-01
-2.025774428111984382e-02
-5.646519851129695733e-02
-5.951303174332989165e-02
-1.653246194722998719e-01
2.163288353666966146e-01
-3.833947341231854766e-01
3.710724702020685717e-01
-4.056705653556098579e-01
-5.886604318858595919e-03
2.869581965617177266e-01
-3.440096124507350250e-01
-5.482492276840269518e-01
4.162247530708264309e-02
4.719398533802707241e-01
4.812638710784937213e-01
-2.253781609087719962e-01
-1.149487805939370527e-01
2.527558769091619584e-01
2.047608513978060596e-01
1.498266299386738221e-01
-1.689151106034715577e-01
-9.544879207683788780e-02
-2.948225985030976659e-01
-1.866133435338171442e-01
-2.492912086969336916e-01
