-1.729636549660835687e-01
-2.146349377879628317e-01
-2.932749414032473911e-01
1.790380088704146555e-01
-4.553056308248422113e-01
2.936314319988277965e-01
-2.882182753632167582e-02
-6.044157783626724623e-02
-1.513801058592445514e-03
-9.937864178381252689e-01
-1.399427527438141805e-01
-8.813259698362663208e-02
1.926268710954552876e-01
6.028942999687352255e-01
3.781582135967300751e-01
-1.008285448916936833e-01
9.734652423002014832e-01
1.945545067210185941e-01
-5.226362861588036424e-01
-2.595177258215504157e-01
-1.636553876800415086e-01
6.855839769679954454e-01
-6.379907631011925151e-01
-6.781464070173615077e-02
7.620739260145465988e-01
2.296176074902711584e-01
-7.742098177539153969e-01
-5.727148122492753402e-02
8.931276277424182730e-01
-8.029640277699185980e-01
2.002019364344964636e-01
1.388898005720984319e-01
-8.281912879786355042e-01
1.058287302981124611e-01
-5.483412346482929856e-02
3.923988781678866555e-01
5.445676670189070201e-01
-3.876170561192564534e-01
5.332037605504160727e-01
5.801284129093502440e-01
8.988758790188613457e-01
7.481435122271626881e-01
-1.492519633981969074e+00
2.502806448512998827e+00
2.793623860982659135e-01
-2.728554110699245694e+00
-1.290913823452546905e-01
9.621931508795648069e-01
-4.721909027216765198e-01
-1.371248881778166728e+00
1.796943368241999295e+00
2.664293336000879142e-01
4.980847430878671545e-01
5.405261094642882513e-01
2.922297489003338744e-01
-4.213901323396875842e-01
-1.754152816580935470e+00
1.990559721095880308e+00
-8.870124878082048525e-01
-9.216108175949158099e-01
4.390975184479694038e-01
8.463573941392261712e-01
-6.971099794269927097e-01
1.846809764068003901e+00
-8.595564695274630074e-01
2.103570618083923094e+00
-1.164832445897796331e+00
7.364298846271239984e-01
2.677840677542056014e+00
2.656388294150733742e+00
3.110928691910139765e-01
3.920574264285524357e+00
-3.907807235559819237e-01
-5.912204890548475866e-01
1.504867729347602601e-01
1.590609152804920434e+00
1.667767029440115234e+00
3.011549100600159790e+00
-4.898509199577095741e-01
-2.599065696741689635e+00
-1.380714789979307300e+00
-3.114164153674062074e+00
-2.015852527546611039e+00
-2.461222663713192205e+00
-2.027811935028872359e+00
7.305036326835707694e-01
-1.983404392282955175e+00
2.304209247596910037e-01
-4.292726946136622423e-01
8.645994901520119846e-01
7.310896857399789006e-01
3.036854952698431198e-01
1.227756850573373804e-01
3.262351121364113204e-01
-8.230000922102594929e-01
2.576896666505183564e+00
-1.620440796562260033e+00
8.827336906803984196e-01
9.071806931010337749e-01
6.092267607187006329e-01
1.009877600389307073e+00
4.605716394317039830e-01
2.036431693048720515e+00
2.450076227532236750e+00
-9.228064796652147850e-01
3.271384124761827383e+00
-1.139140224167727311e-01
2.719521894715416721e+00
6.631407524868759840e-01
-1.480378290590532164e-01
2.309605565194187804e+00
8.079915628484204415e-01
2.619216878120913528e-01
2.606094867254564740e+00
8.196287797845861478e-01
-2.082634071204215953e+00
-1.569374877542090818e+00
-2.037952707733420965e+00
-1.007642872539802781e+00
9.477295054103875849e-01
4.483039045926036636e-01
2.075812697927181816e-02
-6.810755252937512605e-01
1.485269683040758015e-01
-1.564296717994210772e-01
2.369182685274033306e-01
-1.651846293185676329e+00
4.720522520333261252e-01
1.743562583950037936e-01
-1.464405769173588112e+00
-2.194588345641641070e+00
-2.193306508104472807e-01
-1.440407508880930942e+00
-1.670318728770060268e+00
-1.032323739398102624e+00
-2.810600891021029391e+00
1.574386371694314501e+00
3.422550749471308107e-01
-6.159913827638709982e-01
1.980697040688736532e+00
-1.518011225516789020e+00
4.191867552603167207e-02
-1.198729398138655977e+00
1.636179900424158840e+00
6.533357632852669905e-01
-7.063348369621111900e-01
2.926047409372800612e-02
-6.298737023223458520e-01
8.194746786491799995e-01
9.247608481840374761e-02
-3.809654072733117403e-01
1.877730857139575660e-01
-7.167251796887594839e-01
-1.250009423847312062e+00
5.422252175739519231e-01
-9.921010977382456186e-01
1.801922888174399828e-01
-8.054361647581840256e-01
-1.761422321976778838e+00
1.105979728063997136e-01
8.581128885775923809e-02
1.772080641948709401e+00
-5.559252772081069160e-01
-3.787514348106251205e-01
-1.291075777557406656e+00
-3.763173102479885346e-01
-3.743185471777152884e-01
8.720120209896444763e-01
4.271734642070839083e-01
8.840709451244626038e-01
3.327553958495206299e-01
-3.478262041540094440e-01
4.505422118754085492e-01
-7.332946208824671075e-01
8.399616956964828240e-02
-8.179952403388572879e-01
5.639546586265253847e-01
9.046258280319487977e-01
-1.043782942949447179e-01
-8.263159399100001856e-01
-5.635176517294515630e-01
-5.345959445483789985e-01
5.593108648305615827e-01
3.683160416234716461e-01
7.681780318851434419e-01
5.368975655924517199e-01
-7.349784539526307281e-01
-6.748364120833394431e-02
5.718228087860892650e-01
-7.199335484722311218e-01
-5.718375662835288864e-01
1.587558333038396885e-01
5.249259838418252055e-01
4.254001458089580190e-01
-8.789266317462725020e-01
-5.100870653490756634e-01
3.116496450989465483e-01
2.508866889743615047e-01
9.634032235921574649e-01
5.601022784877152105e-01
-5.152520130977193968e-01
2.735149949925848034e-01
-8.733042212576112018e-01
-2.957474958364898487e-01
6.673868655323782484e-01
8.191565478893105823e-01
9.460722762045747913e-01
-5.325737948115061293e-01
-5.548096348071061001e-01
9.473205073578228053e-02
-5.701764937983977433e-01
-4.082949433457212507e-01
3.664662092132215943e-01
2.752968006325460237e-01
-6.796710003835040315e-01
-5.133835082350244328e-01
-2.157186909148378628e-01
-4.433434125681070537e-01
3.232026313167899456e-01
3.947072916436487056e-01
-8.052202203783234147e-01
-5.048263122752265630e-01
-4.352598266750302702e-01
-8.805644738158624474e-01
-1.570777429896375033e-01
1.476497657989599421e-01
7.296882525203438608e-01
7.371807209028373720e-01
4.484030238716723016e-01
3.014760206675808352e-01
-6.178395201740816134e-02
-7.223112755175493671e-01
-1.302911608690600076e-01
-1.643246331219332390e-01
4.921897442358336150e-01
-4.756232279265266705e-01
-9.614604767898649040e-01
-4.896549194428612140e-01
3.912471281114895394e-01
-6.770537987733926677e-02
7.575217704105756678e-01
-7.066131694822579412e-01
6.383132513864666624e-01
-3.883596539924503155e-01
-1.036963334413181226e-01
-9.687956787099165634e-01
-5.665503687122619425e-01
9.460416278136627444e-01
-2.282607360908111005e-01
7.062190915077453113e-01
-6.271279839920351762e-02
5.548439481205875712e-01
5.889974558038950647e-01
1.664905011909304289e+00
-6.512282080506919257e-01
1.094745226668881299e+00
1.832781015660832069e-01
2.757838112304315192e+00
-9.066008995638235035e-01
3.361539885050158771e-01
-2.583878540882242447e+00
8.395409137010151346e-02
4.720516164271335580e-01
2.441867819289067765e-01
-1.009391423862492587e+00
