7.264692815033217954e-01
-1.553507223996688502e-01
-4.788447948895719897e-01
-2.458135481920593612e-01
6.934353491585101281e-01
2.758508150736769249e-01
-3.403463463286198198e-01
8.780021991736308706e-02
2.529911257596888507e-01
-7.263976398017788494e-01
-3.599095465875372657e-01
-1.239276100970903016e-01
7.290782397120578739e-01
-1.500861034290206231e-01
-1.288013175188333914e-01
-2.539122554401032072e-01
4.159814610470089491e-01
-7.720797604244731271e-01
6.200279904310797008e-01
-6.858132360834507946e-01
2.082279610670427772e-01
9.745136262453835130e-02
-1.493103900379435522e-01
-1.254561185256335420e-01
-5.300159894831435459e-01
4.184162101013364499e-01
-8.367583006534475842e-01
7.730128084859404503e-01
-4.807081815513298828e-01
-5.227350992733430513e-01
-7.351240208554352673e-01
2.975225857974002075e-01
-6.857408376402174266e-01
2.233016918063832623e-01
-9.110798278366316616e-01
7.639489467647497811e-01
-3.195364919847112350e-01
5.937081171380087508e-01
-8.422141587360403303e-01
3.980102008144648096e-02
8.949881716270573495e-01
4.215865220852967887e-01
5.166046294567379071e-01
6.137349416853987716e-01
1.871507773980956024e-01
6.194123570501659515e-01
-4.098240984177965451e-01
7.401986671361686643e-01
-7.202796122560501946e-01
-5.171441851189875205e-01
-5.713115044068350912e-01
1.793454785772377047e-01
1.177549866725904337e-01
-5.757273408246841306e-01
-4.349781707046804780e-01
-2.332917451623135463e-01
4.444491039588416292e-02
-5.662656005809449944e-01
-2.820572735002784270e-01
-7.480357750689101692e-01
-2.133192839980422306e-01
-3.973233072745503414e-01
-4.716128511409534152e-01
-9.898045396335235502e-01
6.011020143526877302e-01
6.153367827608811069e-01
-6.877359783874381627e-01
2.460066149598323371e-01
6.812473174495961015e-01
-4.083920875709747822e-01
-9.128476285812405777e-01
2.302265037970729900e-01
6.343034664449549442e-01
-2.868322982842397284e-01
6.184925125043498895e-01
4.529641561288946239e-01
-4.796924248436920113e-01
5.231663726434239159e-01
-8.570357973048388089e-01
2.724975366644728503e-01
-9.460173003872500708e-01
-8.892770228865265469e-01
-1.412714595685637953e-01
9.666033583060327228e-01
-9.230573620467663609e-02
-8.758676326202410323e-01
7.807459781183265779e-01
4.598645759669468536e-01
8.314065731279367544e-01
5.317222962968077837e-01
1.940142475920239029e-01
2.312807487820915942e-01
5.421939732695797431e-01
-7.962110624504363798e-01
-3.698289076303875600e-01
-7.366787380232420190e-02
2.790830979106462273e-01
-3.590049831623507437e-01
8.045438635991464249e-01
4.437424609036382250e-01
1.273382090294750135e-01
4.866931798675691034e-01
6.656484029170273153e-02
6.571944383215884145e-01
-6.217298771674226732e-01
-3.338318378368321238e-01
-9.722193891025661117e-01
-9.965293809377444578e-01
8.313005283012380175e-01
3.923241529157395213e-02
3.844913360930295454e-01
8.001241853640501667e-01
9.079894202340947906e-01
8.718382101692212505e-02
-1.429413840893242416e+00
2.148395017347970004e+00
1.485490008698167941e+00
1.142788481047052329e-01
2.269862416684161888e-01
9.517229990822650976e-02
-4.100737957483019391e-01
3.319331469504760435e-02
-5.436082871378060677e-01
5.822687089577001096e-01
7.453714442938415008e-01
-8.314459576731634272e-01
-1.320795243504870875e-01
-9.273482618104849085e-01
-9.350657485565405658e-02
-8.991121343580799063e-01
3.075040090444833840e-01
2.275449430801439465e-01
4.173876364604645062e-01
9.873346613145641548e-01
-5.131716433166899627e-02
-1.665069955259099732e-01
-3.128445797696528530e-01
-6.338679316383397655e-01
9.546031152672851405e-02
9.922002965170932942e-01
5.188817551934781225e-01
-6.891299367050414126e-01
5.815724246655928908e-02
-6.309725066564211282e-01
8.618012041299671910e-01
4.760496753549865456e-01
4.078547628683242277e-01
5.576885629380921028e-01
2.239183349361262287e-02
8.256558324247542657e-02
3.323136944619107247e-01
8.243828246780293689e-01
1.590571631039290335e-01
-9.869276121466463714e-01
-9.915003582316799235e-01
-3.768919884426409350e-01
7.804660492325439236e-01
-4.778460658912520032e-01
6.678557608004411783e-01
-5.973190485898736135e-01
4.435408064181420862e-01
-9.614387492593929885e-01
-5.514878047565985320e-02
1.361668358308063542e-01
-7.379941404310037534e-01
-8.756137419165292979e-01
6.738740283467650194e-01
9.426886249769983461e-01
-5.803340885585508424e-01
-4.635798928651329032e-01
2.858523746244758801e-01
-7.988566747356176112e-01
-2.394540805066116551e-01
-8.116935560628770752e-01
5.303564684932742246e-01
2.754695572628493849e-01
9.521055621101313093e-01
1.798226577253212444e-01
4.617656613743392757e-01
-3.942080560604412920e-01
-4.492657655909759740e-02
9.558711682963383360e-01
-8.036804697517363483e-01
9.699371629554516261e-01
-9.740339051346385002e-01
2.750688320666072606e-02
-8.043294854867322208e-02
-5.858274701838617204e-02
2.533162670448090292e-01
8.813487525028340652e-01
-8.492628712627441345e-01
-6.287571622431278318e-01
4.105065461749379807e-02
5.280591859678558375e-01
1.249667907294704783e-01
8.569928817141880817e-01
-6.236708781888251618e-01
-2.591016058836121960e-01
4.147552117797759230e-01
5.051512369104935729e-01
-8.241590747200957523e-01
-9.190551078346702596e-01
-1.190575043860815363e-01
2.801927027757717958e-01
-2.337000218929106143e-01
-1.049083722932180329e-01
-1.145696990736344567e-01
6.555812604546955580e-01
5.545956380774927919e-01
-2.310983970478319716e-01
-2.275395847125223359e-01
-3.880214838972306790e-01
3.889491073647841635e-01
7.813943872293442894e-01
9.841775553383429465e-01
2.389226468611977960e-01
9.233698976078175136e-03
2.366098313986468860e-01
7.271002554095846726e-01
-8.796030294525924997e-01
-9.954360999309466163e-01
-4.054778731929040703e-01
3.952032816101900270e-01
-1.015599404029725594e-01
-7.394963528960329935e-01
-8.672543218273860433e-01
-7.162872662141051006e-01
-7.031828808636753081e-01
-1.145823556637213247e-01
-5.237606769278679852e-01
3.938802304626087825e-02
2.035793958723246533e-01
-2.774950783461909154e-01
4.415052936066061751e-01
1.098441396009099957e-01
3.391169759506091896e-01
-7.485362971603002347e-01
-1.601473091043850161e-01
-8.552464860415838199e-01
2.459989684926919828e-01
-4.465554373664060162e-01
2.060833580381635777e-01
9.109180862909078691e-01
-3.694576337638018071e-01
7.177527680673208010e-01
-8.180489138874433852e-01
5.465937783101091352e-01
9.110499418350923584e-01
6.594216920659956571e-02
-4.248195483308638831e-01
-4.112708598609902122e-01
-9.240836904934368601e-01
1.281966781010930312e-01
8.166192255540303258e-01
-3.588525754525595524e-02
9.087971919173933877e-01
4.559480249920955242e-01
2.391249699038371368e-01
9.745939662967846306e-01
-4.579504121689601526e-01
-6.234856306948635130e-01
1.894210575847457001e-01
-1.755489958211402524e-01
-2.423877710821491505e-01
-6.904289224743485054e-01
