-9.578790750704448964e-01
1.161939157679198420e+00
-7.516632657086711466e-01
-4.255114527025506410e-01
1.698028061864609750e+00
1.956717859695732642e+00
2.339997838517284379e+00
1.195855808121441655e+00
2.938181895010262501e+00
-4.667061030331781657e-02
7.844412265655431593e-01
1.706092291555381113e+00
-9.382886132434273829e-01
8.580150519683085175e-01
-1.262957571825927605e+00
-7.990676021058651379e-01
-1.975399474059129412e+00
-2.790476434750917001e-01
-1.614955766143611360e+00
-5.564961172761776487e-01
-1.475724348427665422e+00
-1.019875838688266700e-02
-1.312393014694961613e+00
-1.304496549732016897e+00
9.546453327626838181e-01
-3.297085054685436889e-01
-3.303534585867737849e-01
5.490069276859533831e-01
6.463774947329216092e-01
1.355022374643935379e+00
4.071009777302150301e-01
-1.302907677056899249e+00
-1.003338933813689771e+00
6.398645076364932738e-01
1.433318535552427608e+00
6.351333365348087456e-01
-3.356013884712797934e-01
9.918080580662291812e-03
3.466393689113749232e-01
-2.739486481765867509e+00
2.092788461982520998e-01
-9.386667873870323531e-01
9.019538100259156810e-01
4.218353041617070587e-01
2.491640276256283648e-01
5.242504522515145648e-01
-1.706369682292493861e+00
2.469001185430106382e-01
-2.335251709992653524e+00
1.440831472846704653e+00
-5.127099030024073745e-01
1.917659680501410779e+00
1.544868603003038965e-01
4.728374883533484341e-02
-1.048063862851237538e+00
-1.560347002712209052e+00
-1.204040599140790535e+00
8.840919765316630485e-01
1.000335433938269181e-01
1.529736163291268158e-01
-1.267604587650876802e+00
1.500048946463817368e+00
3.552575840837232324e+00
5.119833047821500394e-01
-4.522479973740516357e-01
1.426463510845799032e-01
-1.214357732335866746e-01
8.210116021353908167e-03
-5.682979600449789004e-01
-5.898535837241605240e-01
-7.592803943858630333e-01
-9.806828207552256149e-01
8.769604517120970222e-01
1.062870014464798452e-01
2.058243755070048309e-01
2.927653724908596544e-02
-6.362029519080156792e-01
3.119882732427536887e-02
8.318835645771769371e-01
9.267414399247944079e-01
9.608665135413549940e-01
-8.184124410207793687e-02
-6.837046265235364739e-01
-1.324383610342105833e-01
-7.601649927384810379e-01
1.559239562985130778e-01
3.611318525942430746e-01
-6.377933064733052326e-01
-3.655716984900625466e-01
-1.037134448281213928e-01
-4.913306885274530966e-01
-9.753637370510686022e-01
7.150198698216039261e-01
8.385318105058394700e-01
-5.643748177852154768e-01
-2.187511588500412607e-02
7.656791218319238812e-01
6.440003244057641574e-01
3.890641154497891385e-01
-3.285697943245344810e-01
5.845205008829421622e-01
8.180122782359358080e-01
1.849456995651792557e-01
8.912912734324340835e-01
-2.951946575692285801e-01
8.813340596381282754e-01
-2.881206003795877546e-01
3.129692799112562263e-01
2.418525301457492560e-01
1.175366084910869358e-01
2.441693438245715608e-01
-9.007729749527213503e-01
-8.501094311265446901e-01
-8.413246699428238440e-01
-6.814611725230705908e-01
-7.772036305805365419e-01
9.705154128063462338e-01
8.160008511037419865e-01
-4.049933712974977951e-01
-1.482879251648696606e-01
7.626352199693053890e-01
9.741971018904922452e-01
7.289583938063421975e-01
4.785412671110951255e-01
4.866435293618411873e-01
-5.126225416658922729e-01
-9.713747002415455967e-01
1.083365395423672162e-01
-7.701839576047415648e-01
9.800940489688758639e-02
-7.367376593873733448e-01
3.282418118852103994e-01
2.442261611550582412e-01
-2.976103659034308180e-01
5.831615782002170789e-01
-9.140752168909567210e-01
-4.847546331894245775e-01
3.552937489845946484e-01
-2.500396597881322514e-01
1.179153148653986349e-01
-2.040104302878791298e-01
-4.492340873589037997e-01
6.697519142678860504e-01
1.165211156909384815e-01
-3.634141126229404328e-01
9.342710540552670029e-01
-8.734535403992511604e-01
4.825824851085762646e-01
8.010826047917898318e-01
-6.769324457672976081e-01
-7.133668183773014260e-01
-3.386688296719402302e-01
5.228737901947422273e-02
-2.472929650727047068e-01
9.515122443185515255e-01
-9.412582218637899345e-01
4.075824599559358941e-01
-3.671117501801339778e-01
8.867512304986604477e-01
6.144798183545434611e-01
9.680978305188998601e-01
1.215903259956134796e-01
-8.389774229730864175e-01
5.560772800575923824e-01
2.589543984014186506e-02
3.132929192964262199e-03
3.203548250641088391e-01
-2.845417183286005347e-01
8.104028593823713322e-01
2.030631138837430960e-01
-6.180448795549935426e-01
6.508988610912491701e-02
6.729106415791528129e-01
-6.828821073991679924e-01
6.492635834058408939e-01
7.505717679556203059e-01
-2.789524407782808524e-01
-4.177874447518052925e-01
8.597498567030741334e-01
-4.678864397854740620e-01
-4.928257359285201922e-01
-8.815167158082184429e-01
3.512557254970438692e-01
6.194175502776255726e-02
-2.119943863145015150e-01
6.889127881724004254e-01
5.025472006203419717e-01
7.594604212494870943e-02
-4.537379786107840207e-01
-2.616833934772462289e-01
5.505984973593420762e-01
-3.671368202179692286e-01
7.307089866677938250e-01
8.006419107028075466e-01
-9.481934129364597563e-01
-7.281880270696456936e-01
7.495709426457943803e-01
9.495120508873824416e-01
-3.242896058036961460e-01
5.685468460470752827e-01
-5.605881797104208530e-01
8.189372281939506504e-01
-5.234193053315465693e-01
6.105716169076300659e-01
-3.651652855090039562e-01
8.707210691267284197e-01
-8.832527858554144462e-01
-9.674876397819727192e-01
9.041441408914414612e-01
-5.070175359421258410e-01
-8.773865482554938922e-01
-8.207271979396115746e-01
7.599636322302891767e-01
5.041867964786597156e-01
-9.843262419184766188e-01
8.140212878174013511e-03
9.004180970010722262e-02
-5.403831860297523271e-01
-6.684065484400092405e-01
6.522866624472296593e-01
1.484612465512393786e-01
-5.413132285712562997e-01
3.820298211313508663e-01
3.395256677976890014e-01
-4.295547507650243624e-02
-7.192042127110156446e-01
2.872327955592803850e-01
8.463608011725418656e-01
-6.248112481205256863e-01
4.462726661350160384e-01
1.447018586094284132e-01
6.063704114932457756e-01
7.592170655722179085e-01
4.029971722441796356e-01
-2.655095851934790030e-01
-9.769316002034873492e-01
-6.822395926401754185e-01
2.104596721622393751e-01
9.549079529197554983e-01
4.527737042204251772e-01
-4.221391264195732962e-01
-9.257964431724896581e-01
5.644017445815179279e-01
3.056653556242328040e-01
9.946301358256040004e-01
-3.860703850294908701e-01
-1.390402267358392674e-01
9.695101836629975711e-01
-9.054663910121518722e-01
3.160588543954307994e-01
-5.546730156933710187e-01
2.070092866872605963e-01
7.180896564900216550e-01
7.485999085285042209e-01
4.396802975443852013e-01
-5.853275756769225069e-01
4.426848735668194035e-01
-7.758969272044107246e-01
-6.515239648635324787e-01
-6.656304459890662883e-01
3.528660176853517516e-01
9.537545610410367303e-01
5.895869216947415836e-01
-1.441023931758331766e-01
-9.989942733954555454e-01
