-5.104819027203725268e-01
-6.057035311952995160e-01
-6.181574220004778519e-01
4.407109995101774480e-01
-8.236866788170306430e-02
-1.034879066943508313e-01
3.225972465475443474e-01
-4.911637539826287369e-01
-3.486564959534433905e-01
1.237382128092267136e-01
2.551535059147944443e-02
1.119091900203149498e-01
2.312527821300232322e-02
-3.141450223919649565e-01
-4.909253176076578962e-01
-1.159992894687391363e-01
9.651620512890337483e-03
-2.964730264074926999e-02
3.387652086620475678e-01
4.930115533880121692e-01
1.365291561609890958e-01
-2.500077887438704183e-01
-4.904588007640193204e-01
-1.829239785821017428e-01
5.467251674404425277e-01
-1.613956623960679515e-01
4.320565731344785387e-01
8.142986930161469350e-02
2.742356159700580220e-01
-4.278542371533468058e-01
1.425198232395371023e-01
-1.158620337372814335e-01
-3.721226191466152633e-01
2.029060484105257509e-02
4.936489398775992798e-01
-6.964517107158840759e-02
7.390817429823696161e-01
-2.410209025434561364e-02
-2.463665828739613206e-01
-5.416062510028336607e-01
-2.053892472462802710e-01
-3.574892672685135442e-01
-7.960380567405578311e-02
-3.444452598140534394e-01
1.877343824785176196e-01
-4.104549800731546738e-02
-2.127087633392584776e-01
-1.390072964332770243e-02
-2.852356221641975664e-01
1.266725204457869181e-01
2.878164181192394144e-01
-3.900348855364996203e-01
-4.847805664067986187e-02
-4.789718093576822988e-01
-1.356734470463347719e-01
-2.684924346503990145e-01
-2.962619369195333419e-01
-2.916589814311120743e-01
1.196775377474339208e-01
4.618244801072552419e-01
-4.808527448216668998e-01
3.843588154161315384e-01
4.275404049936949447e-01
2.366490737041695991e-02
1.263627695765277281e-01
4.160862856090435935e-01
3.298257906624643687e-01
6.204876883628228645e-01
2.841663241372265336e-01
2.368408537113614043e-01
-1.564115525256107309e-02
-3.650473550567779335e-01
2.305922955201759328e-01
1.104525134412810833e-01
-5.798724786424771377e-02
7.940194404688953600e-03
-3.329036368938278340e-02
-6.233721515449071049e-01
-2.148275077706016389e-01
-1.437463020959792170e-01
-2.381414930749498338e-01
7.336494537727704657e-01
-3.391353554520707414e-01
1.303226231869667601e-02
9.205757638833565737e-02
7.744140734908069312e-01
-7.297724930692405243e-01
-5.613484394550962708e-01
-3.735958425604918864e-01
-6.033245730610267699e-02
5.788273331413167772e-02
-2.923189137538502735e-01
-1.880769416666477900e-01
5.000703086261781838e-01
-4.528819694448640298e-01
-4.978011326271712944e-01
-1.836154580900900904e-02
-3.054621070062024657e-01
5.437051760455764715e-02
-1.530253742968250112e-02
-4.812384712084552540e-02
-4.292518843998539557e-01
-6.922822165327151278e-02
4.149048003909845961e-01
9.426457782070145341e-02
7.198373877812843658e-01
2.433202327887066252e-01
-4.627874476574261320e-01
1.863994449879071147e-01
1.152692928634296010e-01
9.774125705542058284e-02
-1.935247991551409807e-01
2.022053374586049446e-01
-1.967734615769880721e-02
3.208252553742449442e-01
1.320111888786202892e-01
-6.024618755651334201e-02
-4.037017282839019949e-01
1.085182830855851155e-01
1.888509495157808249e-01
7.769944534973011185e-01
2.165001785746593632e-01
6.160001303254496463e-01
4.160426482065213150e-01
5.702076282284427311e-01
-5.425315943958736176e-02
3.071880395645628647e-01
2.463447773542746522e-01
-3.064898834585063070e-01
-2.923214409530462965e-01
1.147540305297030938e-01
2.555108905217255352e-02
6.274452958124205892e-01
-2.632687079541048969e-01
-1.775082682993506800e-01
-1.568176580662988817e-01
2.985506208181911703e-01
-1.307401493645273319e-02
-6.900350135265567175e-01
-5.971042674491665592e-01
-6.996543386788675600e-02
3.086275395431441471e-01
1.427527575051756592e-01
1.335046494169982445e-01
-3.558691681096092796e-01
-6.449017761640908342e-01
3.793054528995638552e-01
-2.613110542537911418e-01
2.757165125607091150e-01
4.423380992043958737e-01
-2.880343742546060959e-01
3.096090860747802154e-01
8.121109942749473593e-03
5.790366666460656786e-01
4.951199682320238105e-01
3.289687109881255789e-01
5.018203931871096923e-01
-2.895869759958230039e-01
1.374850744574258599e-01
4.191461629737836536e-01
2.751903103832269992e-01
9.461785891778637381e-02
-9.052920833886124452e-02
-1.211080541981481434e-01
-1.766746792781700645e-02
-6.422942764332292831e-03
6.310590394052928431e-01
-5.484957913051725642e-01
-3.380631833925844543e-01
3.561275211555164355e-01
5.791990318443048791e-01
-1.652750502829284859e-02
-5.007417383618747442e-01
-1.209923922067840107e-01
1.496155245355112184e-01
-8.246754837804273763e-02
-5.168276145951457290e-02
1.301891512031408127e-01
-4.450405558654342841e-01
3.630135693288287224e-01
-5.426830427899194120e-01
2.142369353728900694e-01
1.522036559809265832e-01
-4.230001226389015212e-01
-1.881638724437873222e-01
2.177028529388777556e-01
1.536285640844910760e-01
2.751529565807724759e-02
-5.685887283269764891e-01
9.216863226781286944e-02
-4.750613126282358933e-02
-2.405245141017962884e-01
1.721371078252949549e-01
-9.652458595581174527e-02
7.300869689933735529e-01
2.491685477127221771e-01
1.940199376018603983e-01
-4.444449806617418175e-01
-2.443971848846366868e-01
-2.616105985536107403e-01
2.254090303650037319e-01
-4.754697665184705602e-01
3.164294950873430823e-01
-3.382643283021677938e-01
-1.726591528926766927e-01
-1.490752791257560911e-02
-1.242050875408816091e-01
-1.599845196960067439e-01
-5.188119401336720171e-02
4.707427630401749274e-01
-2.624328458296147915e-01
-2.381818702803479293e-01
1.512267022900190827e-01
4.142447151555110341e-01
-4.282202845016194193e-01
-4.851937946728330231e-01
5.947390999125486966e-01
-2.555977877924582309e-01
-4.255896776922740710e-02
-1.051979388347583783e-01
-7.010250574449979066e-02
7.823696868390964121e-02
-3.103829525687784030e-01
-1.611022770090433931e-01
-2.463357964869548888e-01
-4.175982350843756574e-01
3.430437412788233525e-02
-4.368513862361620426e-01
2.597694141905346754e-01
-5.810177542518195626e-01
2.650114071035632873e-02
-2.961581373273988738e-01
-9.738909094777412068e-02
-2.235392481650709251e-01
-7.503287175234317485e-02
3.995078053847332944e-01
-5.925690194720502069e-01
-4.025454089119124279e-01
-4.467703169754265458e-02
-5.295921334596928598e-03
2.080199104539160598e-02
5.900563703986829583e-02
-4.211257464857873223e-01
-1.476468766684782552e-01
1.205103338650569469e-02
-1.833288948696444598e-01
-1.460354035132237216e-01
3.257823437165656144e-01
-4.559608208567256238e-01
3.052441104863556909e-01
-5.723161708623712707e-03
-3.181718305449493522e-01
7.975926755739808083e-02
4.130280547608496389e-01
7.937279145655077306e-01
-5.949054739010801729e-01
-3.949348764257804012e-01
6.618151573553335276e-02
4.211001189555133584e-01
2.616132145677157322e-02
9.666851070691406811e-02
-3.144383405106562779e-02
6.713203919475704273e-01
3.795696471340005429e-01
3.961003460011237598e-01
