8.539047070144606399e-02
5.059106176014641770e-02
-2.609563851524806521e-01
-2.552408527740682165e-01
-2.181615140177897982e-01
1.178483856107580274e-01
-4.020300944369427365e-02
-4.473372459356648317e-02
-2.015330884042106641e-01
-3.934839201978952428e-01
-4.518539960904620068e-01
-2.260663742205650528e-01
8.595786258247557765e-02
-1.706842023605299741e-02
-5.304814856671692391e-01
-2.388429021700474997e-01
-3.654892404948067997e-01
2.548470568731819874e-01
-2.000341593452238109e-01
3.660695346223195035e-01
-2.417262903000641505e-01
-3.293482176963860031e-01
1.329524186040237921e-01
-3.450424059710024416e-01
-4.179331333735494813e-01
2.133991945979462901e-01
-3.928540684295457330e-01
5.922846765969379257e-02
-2.090316487230286790e-01
1.785176611368357313e-01
-3.103459794457761323e-01
2.626598893400964307e-01
4.370287558329463695e-02
-1.660209332268776650e-01
-4.131905768242801757e-01
-8.684797729271249989e-02
1.628951724562643921e-02
-8.085290393923130758e-02
-2.236520396228703841e-02
1.617460236221825998e-01
-6.485811125513413211e-02
-4.113156707368436082e-01
-5.264441437043408945e-01
-7.480083839929954626e-02
8.083789420793768832e-02
2.680408768846361811e-01
4.527615672638985456e-01
-6.034681003355861773e-01
8.544892842850881909e-02
-5.191273945509454757e-01
2.892784315028824049e-01
-2.471235650956530860e-01
-4.054309032858091078e-01
1.584062136484451211e-01
4.878855865626885446e-01
-7.215405878307266097e-01
2.796371637418625933e-01
3.810059785656129128e-01
3.411395561374125363e-01
9.748858074387951878e-02
4.913270249559252845e-01
4.386526614070496710e-01
-2.899288961506938378e-01
2.059019211505110358e-01
4.798934850213761871e-01
3.926164233074459498e-01
-1.085069103148635777e-01
-5.442666258615450753e-02
-8.325625063589919828e-02
2.094150953587491093e-02
-5.091639092876799610e-01
4.984404984972435892e-01
-1.939203013273876897e-01
2.040601418610829554e-02
4.692230271482472626e-02
1.829773251234281806e-02
-3.003105514011626398e-01
5.291859449939375626e-01
-5.909687074713249055e-02
-5.182364323687809610e-02
-6.401145951866857864e-01
-6.694080191850174666e-01
-1.907280054123742796e-01
-5.902815909755397550e-02
-3.640566602875148772e-01
-7.895128894759834148e-01
1.347574240892417674e-01
-6.825509059109684529e-01
-2.301657829013269430e-01
6.368769982938898844e-01
1.705996906294177107e-01
-3.617966204970143873e-02
-2.523461305380805819e-01
-4.049466757964325647e-01
-2.254287716328635116e-01
-2.019158066128743934e-01
4.758564161312004437e-01
5.083236085174422936e-01
1.133713487678145310e-01
-1.124041712910113094e-01
2.949519433666372148e-01
-3.994479080667664994e-01
2.695494486629976261e-02
-2.545442654623413237e-01
2.353671205814640011e-01
-2.723181679899189245e-01
-5.780356135170442444e-01
3.650029648129882176e-03
-5.240301174091874792e-01
-1.742452263045959349e-01
8.369906245940961220e-02
2.016197663330396295e-01
4.031328545497503413e-02
4.719689531655585357e-01
1.966057505090522406e-01
3.379101797843042099e-01
4.535675539941145390e-02
-1.883670295096228353e-01
1.834451409747427930e-01
-6.959436275326912336e-01
2.079204075237997551e-01
5.564422333406310317e-01
-1.932652146124470005e-01
-9.727716432492759802e-02
-6.711840521822706740e-03
-2.005971162669527297e-01
4.083320513830079324e-01
4.142026436817180524e-01
-5.610460427209048445e-02
-3.805131383321618821e-01
-2.658993798448600621e-01
3.463985399147334610e-02
-5.471375742502084805e-01
2.528010158600281498e-02
-1.509698345805904340e-02
1.802100618536346677e-01
-1.433170311622281035e-01
-1.918772026045840740e-01
3.019856660947801974e-02
-2.305755172371301842e-01
-1.083801819480721684e-01
-1.144666403057746362e-01
3.262546322960884759e-01
5.281863183127813999e-01
1.910973646228970590e-01
2.989634582495158677e-01
-2.508887053514836651e-01
-2.777711421002771464e-01
-2.524030043177193372e-01
-3.689466430855099510e-01
-1.779909838396712130e-01
7.794207898416559421e-02
2.758486401512948993e-01
-6.192410252013800243e-01
-4.891635404195013304e-02
1.249782806229100818e-02
4.320114313609305645e-01
-9.701962979712319690e-02
1.171699129751514468e-01
-3.920926094539304296e-01
-2.764131272541151541e-01
2.865289921979609078e-01
-2.664117646694270092e-01
2.556191042506856803e-01
-2.349834523569737654e-01
-1.532403482475747092e-02
6.104391158632760384e-03
3.464701228053072846e-02
-1.799886572431390608e-01
-3.559129572208952208e-02
4.081873102525875874e-01
3.782373570159830445e-02
-2.049382525304602465e-01
-2.847883660273277662e-01
-7.224668390131604445e-01
2.924791848245021919e-01
1.929546664730633909e-01
-4.908787600637774529e-01
-7.577260432352260489e-03
-1.066048884125605223e-01
-1.388816596898714284e-01
-1.422305162642860735e-02
3.903081146776726795e-02
-4.309940009728675525e-01
-3.044387687773790763e-01
3.321735125923775400e-01
-7.988339470051664115e-01
2.079432512665501664e-01
-3.975252117678094166e-01
2.405119129802524292e-01
-5.330064601810716174e-02
3.893531487941169211e-01
2.333444538416579728e-01
1.051511410857705470e-01
1.430072943825827503e-03
-3.762130445752293051e-01
-6.666230888610192862e-01
-3.488611624202434536e-01
-3.056454635744961790e-01
7.520293646027318424e-01
6.303878369967758077e-01
-1.666781563226801266e-01
1.527833663661942454e-01
-1.799450881442966332e-01
1.763345831128950159e-01
-1.202691051298459823e-01
1.231850183015175404e-01
3.867319804980288156e-01
2.636412553813997084e-01
-2.763891193137737456e-01
-5.437649046830587141e-01
4.793187204469149809e-01
4.000805479117915953e-01
2.272780995542872107e-01
-2.817594604208868425e-01
1.513210587237219240e-01
-6.118441471180838809e-01
-1.009270839798488556e-01
6.592776451763504575e-01
5.045599967851124301e-01
-2.472162376292097730e-01
-2.968856627544235738e-01
-1.802323202069313901e-01
2.649069917397014473e-01
-1.265416593040185333e-01
-1.104713901335450110e-01
-2.369598597955299979e-01
1.613298334923025934e-02
2.863308830434750929e-01
-7.436537292794392906e-02
-1.733708685929757631e-01
-6.106099239706157533e-01
3.167717413533938098e-01
1.756303365952216478e-01
1.780333483100859371e-01
7.331041776860987014e-01
-7.955278057798713387e-02
2.660189898557269172e-01
-4.817420938082123127e-02
4.055180746647867318e-01
-3.736798938161588896e-02
-2.757898862218471914e-01
-1.426464523382431349e-02
2.585159158160435511e-01
-2.421529868079212444e-01
-8.813203592255153263e-04
-3.845606703415135885e-01
1.197228501698441167e-01
-4.020112613725211892e-01
7.070781334332967294e-01
-3.333640541642386712e-02
5.351231592214557020e-01
-3.111330746694240257e-01
-1.509984685435759033e-01
-1.784242586737088965e-01
-2.514041338613119403e-01
2.642432011257415114e-01
-4.327312660122868693e-02
1.317248743698175573e-01
-2.634971874621916954e-01
-8.193519657764228303e-02
-5.567469872252839291e-02
-4.027004762486255385e-01
-1.032018812107379641e-01
-3.543410871876375157e-01
