-6.684421857660893806e-02
-2.933998507227184582e-01
8.829333955417604241e-01
-4.773277229310612935e-01
-6.116171527722664703e-01
-2.022382698550790892e-01
-8.832913729403297776e-01
8.012032958547876671e-01
9.439038936418362447e-01
4.526999404304901109e-01
-8.705971183328458096e-01
-4.765689235835439685e-01
-8.642922717979288905e-01
2.627646034671085040e-01
8.748635728253151278e-01
-7.119459932379768041e-02
9.120628698239257037e-01
6.548096221151851193e-01
1.508330771100780954e-01
-1.989715212609961537e-01
-5.265549619705003348e-01
9.427534504249910352e-01
5.738845344201086718e-01
-3.978023984512029099e-01
-4.370462690948828666e-02
6.361046095508808840e-01
-3.729681936827191624e-01
-3.557784563807673273e-01
-1.625431467389459872e-01
9.713797738614438071e-01
-4.342627800522624870e-01
-7.102661717251912421e-02
-5.606296974292619417e-01
8.986572528056793185e-01
-8.389416501789475067e-01
6.098312349884393857e-01
8.281606106058503336e-01
-3.843961922245047180e-01
-7.250636365110183501e-01
4.891654612502955857e-01
-7.021715031895747750e-01
5.578339387029949137e-01
8.423935181563415586e-01
-2.259630583217138167e-01
5.438898959775710917e-01
-3.668715676654825675e-01
4.407800090680757954e-02
-1.151378354914085467e-01
9.339164290227486287e-01
2.950578197807418590e-03
1.589188343313879814e-01
3.107136834433502637e-01
-1.275883473000759105e+00
-1.434245938427450184e+00
1.811704866018351012e+00
-5.291274426619647642e-01
-1.918797420822463407e-01
9.505342708821402642e-01
1.375405422674680356e+00
-6.047434648444607319e-01
7.769295882473751247e-01
1.965772163503949621e-02
2.796706271593327187e-01
1.146225764517177392e+00
1.992982965838348663e+00
-1.749796427990655268e+00
-7.456549767379822002e-01
-3.231736310811549884e-01
-5.358329372563496173e-01
-5.026485728918186346e-01
-1.113722398690141890e+00
1.138067606001451182e+00
-1.516444420082950773e-01
4.208700636956704821e-01
5.186492615245519300e-01
1.436013958133650625e+00
-1.409909684429356158e+00
-9.411743836459548485e-01
5.342104571985017980e-01
-8.350258411231543665e-01
1.677836190391848614e+00
-4.888725876271775572e-01
2.129768046867157150e+00
9.554059945898136785e-01
1.520063927643967583e-01
-1.565045863136154125e-01
-1.373949234462056523e+00
7.658982633655680994e-01
2.906990750023663139e+00
-4.903413592240805641e-01
-1.927841831524949479e+00
-1.722479273044757453e-01
8.796841256599557957e-01
-2.198552828104702428e+00
2.029024148946823036e-01
1.408789315199981518e+00
-1.177225374098620492e+00
1.481533441974051124e-01
1.185602881971023592e+00
-8.907291007002188232e-01
2.100783575397801251e+00
-2.680080819269665682e-01
2.343681468547908597e+00
-1.935812310300807360e+00
4.208400688669235168e-02
-1.544147800597690523e+00
7.939135467059630358e-01
-5.465156267968629411e-01
2.183157696244024670e-01
-4.140407271024905134e-01
-6.444503843781531627e-01
-1.996712369709786161e+00
-4.653032232406673074e-01
-2.161129085314972276e+00
2.021670648591197827e-01
1.262613201984229105e+00
-1.133297417910308136e+00
-4.791737683078621246e-01
-3.006988725704706766e-01
8.292538370226991695e-01
7.303226175447007362e-01
5.860620432111089961e-01
-6.014462054767858445e-01
6.776558968157864182e-01
2.251141487515162076e+00
-3.424945250749171222e-01
1.831483280028612659e-01
-8.952320424493704909e-01
-1.106425216647141385e-01
7.943085599847909961e-01
-9.132161852995013263e-01
-2.157449220731730288e-01
-1.036663370561330177e+00
-1.748964697926991940e+00
-1.892545843172702469e+00
-6.499340030110606348e-01
-1.654048559681890795e+00
6.605590132125620517e-01
-3.142093650779017810e+00
-4.118262214299428514e-01
-7.618130373727393101e-01
4.221508753936442093e-01
-1.405249486176548546e+00
-1.970635222422460364e+00
-5.605842194446142290e-01
-1.688227993068275035e-01
9.399249752187064377e-01
-4.754265610831148736e-01
-1.418483463567956626e-01
2.010364857016171403e-01
-8.421616101211091276e-01
-6.852757664186164277e-01
1.081545880107160240e+00
9.794575796824589453e-01
-1.206681506409805760e-01
-1.525340081716347829e+00
8.432967097187881178e-01
-1.310731185481200489e+00
1.199454061587509779e+00
-1.166692664814201086e+00
2.088781297919873048e-01
2.083210143731012209e+00
-1.101246970381200008e+00
4.859442270398953156e-01
-1.843899364925213114e+00
-2.505901161225116969e+00
-6.803541555243771688e-01
-1.289875046186123031e+00
3.143870191302444717e-02
-5.909100358356742522e-01
1.609906728284653088e+00
-6.767870065633343479e-01
-8.227880596167855831e-01
-1.112473732959364803e-01
-4.434866602658249501e-01
9.395890387168613911e-01
5.993314406026033492e-01
-6.794574390755466764e-01
9.097198423809738088e-04
-5.685977564218127611e-01
-6.484290646887589382e-01
2.211825466844338006e+00
-1.090097002918432922e+00
-1.675645906412876474e-01
4.676380847890320158e-01
-2.363653720321909457e+00
-3.966278608221429636e-02
1.331455548223264840e+00
-1.008719485814032923e+00
-4.371327939665402562e-01
-6.896454225578828590e-01
-7.549973375788987529e-01
-2.607510032012120949e+00
-2.519419966718809523e+00
1.576008486034559120e+00
9.795444405156201739e-01
-1.303255468639914483e-01
-1.949898707275322440e+00
-2.764025397624671143e+00
-3.500348698553030213e-01
7.156053831789782604e-02
1.962920345390366972e+00
7.997988323082106943e-01
9.331173637944573107e-01
-1.269215467355374827e+00
1.154795328419844669e+00
-1.078198881312013135e+00
2.700994160362111818e-01
1.704250220185303588e+00
2.755719689676183748e-01
-1.885944463872295751e+00
-9.570592374788573498e-01
-1.182209532845767574e+00
2.281442368066152859e+00
5.676659915540465118e-01
-2.024029479288973477e-01
-2.002441373120922852e-01
-1.324996328875143625e+00
-1.305527336332686472e+00
1.455434648135312536e-01
-2.097117482250801523e-02
-6.805734997067713898e-03
9.014710492025144184e-01
-9.669393068653833190e-01
9.352946096249427077e-01
-4.247660998342061567e-01
-1.674557605410700312e+00
9.902775751178319874e-01
7.044231071797818489e-02
9.318738369564525392e-01
-6.105167159280580069e-01
3.932209885978222852e-01
1.800170954624287445e+00
-2.833583260286844485e+00
-1.280855407977939731e+00
-3.718978174416370797e-01
5.303110458041382369e-01
2.064320863353192870e-01
-1.700227264530329851e-01
-1.246706135424220596e+00
-7.541130015415257182e-01
2.837124859477399674e+00
1.265675210658857575e+00
6.293911673060748058e-02
1.222869227259425040e+00
1.100338222894604367e+00
7.141521773757997238e-02
-7.403501018553561019e-01
1.902373685526464131e+00
-4.242978589237432763e-01
-8.101410077165641654e-01
1.237648644597832831e-01
1.532022999318501277e+00
3.267907938185503625e-01
1.300318958924779000e+00
-4.707108321753622482e-02
-1.720509189356105528e+00
-5.599643596064451945e-02
5.082296735567561896e-01
-4.717749014436274368e-01
-9.954998828622029228e-01
1.193182483001239413e+00
1.807000188531705076e+00
-1.270855016414686123e+00
3.758761213877452878e-01
