9.305871120213146663e-02
-2.582901161995390105e-01
1.219343591278578831e-01
1.014237762565553647e+00
5.028164262893344283e-01
-3.499971429380555055e-01
-2.693813374668465599e-01
1.581624484980234557e+00
6.299230117168375109e-02
-1.079787758986625046e-02
-2.166438769611903847e+00
-1.473336097921480903e+00
-3.389931864261618299e-01
-5.384687795771743168e-01
1.449780696194604035e+00
-2.282917891678525990e+00
-6.559185742455839185e-02
9.663871751227963713e-01
-2.917387331137413775e-01
-4.076292678035067785e-01
1.451585277062110046e+00
3.143486114941608234e-01
-1.055240520914373814e+00
-3.689969660473668700e-01
1.384378445042191430e+00
8.867104274012247433e-01
3.152884639532259059e-01
1.495041491248503052e+00
-9.901946012700040267e-01
-1.354626173812113255e+00
-2.421432086879593548e+00
-4.160154129136499623e-01
6.725510938990766352e-01
-1.194575723559957448e+00
-1.029960654374449724e+00
-1.943746216476485711e-02
-9.069772930492755458e-01
-1.677291992686527067e-01
1.112783071283812042e+00
1.479935808685084009e+00
-3.532595238946773519e-01
2.085350566274801309e+00
8.077469104314276560e-01
7.295805877335135303e-01
9.338288765688271820e-01
1.760963058202591913e+00
8.868976265893788735e-01
1.068238564943807090e+00
-7.653607116199234728e-01
-1.325704998845514737e+00
1.219013102645574609e+00
3.087064547081181942e-01
3.829231767047438506e-01
-1.383051618047992370e-01
7.702523342757305880e-01
1.376176793292760880e+00
-3.208752802493722855e-01
-1.347529446385322127e-01
-7.835379219127194261e-01
1.773694844337878163e+00
7.635267369408509364e-01
1.352768261836891917e-01
-1.199065629451416815e+00
6.051172014421648537e-01
-1.474311980524865451e+00
1.277565846804334271e+00
-1.318978569464977380e+00
-8.481697935046810244e-01
-7.761669817230339996e-01
-4.489671505178400857e-01
-8.405533133527777201e-01
4.262888714029029469e-01
-1.266727488416746095e+00
-1.402352400809482980e+00
-3.340874484256615151e-01
-7.863227913182768702e-02
-1.086753688655322847e+00
-2.545263061304849916e-01
-1.981924280202389088e+00
2.523167622006673994e-01
1.919172071833662674e+00
1.258332250724635060e+00
-7.516040336795436483e-01
-1.398677521797134782e+00
9.414494034561238234e-01
-1.119369805420970199e+00
4.016447107494147684e-02
5.056696765214452327e-01
1.149006486184245279e-02
-1.055595059561061227e-01
2.329140875860410631e+00
7.674935877825914687e-01
7.430611545578565957e-01
-4.100241143750167905e-01
3.603446103690970959e-01
-1.193022687886704070e+00
-2.835394135929457660e-01
3.580515062995763276e-01
-1.127787367990440215e+00
-3.058726213501627988e-01
-1.492364733371599250e+00
-1.272154611566988835e+00
-1.698544323324552519e+00
1.165528906911664109e+00
8.892258532951159422e-01
-5.691222687314448914e-01
1.312032239180976889e+00
-3.143876742932851243e-01
1.859863014126157177e+00
-8.061021812011157639e-01
-5.591854968783989133e-01
1.399427797347191582e+00
1.743238070083300562e+00
-2.232643138858657617e-01
-4.585765620950824073e-01
2.241226530389631155e-01
2.111166796989254912e+00
-2.602821494542853387e+00
8.180955786232340099e-01
1.519464419319049409e+00
-1.674271415471217939e-01
-5.175028668176240298e-02
-2.773247748462216444e-01
1.737903736862738802e+00
-8.001243411818973472e-01
1.312557046957295803e+00
-9.594801573412743423e-01
-3.766323221862269310e+00
3.699957168601633040e-01
4.891202202341734528e-01
2.524705036698334126e+00
5.243195511725454727e-01
1.812263596117682507e-01
-1.279073415990386264e+00
-1.622514758730398965e-01
-5.828395891273154827e-01
-8.358773972222728332e-01
2.571534371289241339e-02
5.073776956840982955e-01
-3.201900995987151610e+00
1.360300001165816619e+00
8.093388097090625788e-02
-2.854360840995750492e-01
-8.933194741870844613e-01
-6.762025434666903978e-01
-8.161920728814726633e-01
-1.302508796096215393e+00
1.058645754793023031e+00
-4.202927038393718395e-01
-9.448340398346810609e-02
-1.928744166992476528e-01
-7.617763204271092992e-01
-7.439614108847730778e-01
-9.614123987398430771e-01
2.950795195175123231e-01
-9.373590348305900211e-01
2.300423579266053231e+00
-3.920797348549664996e-01
4.176938937102477878e-01
-8.127237466302075219e-01
7.506134316187380584e-01
-1.445744756939588704e+00
2.838356520714123699e-01
-2.745898411826360186e-01
-1.475765776549328445e-01
7.477204126411631790e-01
-3.541833481772730385e-01
7.982491541617392494e-01
1.652447068152939735e+00
-7.329992697167346805e-01
9.521160182176813258e-01
1.583488437785674774e-01
-3.296948481518887641e-01
-2.378973762363444933e-01
-4.645367792234166293e-01
2.175447465222483778e+00
1.579478845182911151e+00
5.481197713818757727e-02
-4.865182661724453683e-01
9.160405563631945913e-01
8.670676540250371600e-01
1.275589465804733091e+00
-4.996093417802203174e-01
6.493529057357876333e-01
-2.043601953478136668e+00
-2.588480172375790533e-01
-2.633373751594184631e-01
-4.047521825748911506e-01
1.093336389159964561e+00
7.218181807683994311e-01
4.556456601018214481e-01
-1.195185620128944359e+00
2.344124888801693285e-01
-5.331082699531587421e-01
1.871229784095062687e+00
-1.852460669354707434e+00
7.584714354668734559e-01
1.226813717763866496e+00
-7.760721281552535045e-01
9.003852364757070070e-01
2.423135976562532101e-02
3.029450073478612282e-02
-3.045975160828608974e-01
2.409289719256803020e-01
5.265023533422302782e-01
-5.005267214725366287e-01
-4.838943880271694420e-01
-1.774561597713798788e-02
9.836457325588590650e-02
1.196447762185558705e+00
4.284563157755036378e-02
-2.662653047602509204e+00
7.780001962487277378e-01
3.454181782041156890e-01
-7.103832363034228159e-01
-1.590811800040921264e+00
-1.446715506720619659e+00
-3.945602681282425195e-01
-9.957757204632109449e-01
7.013398838397433277e-01
-9.039660521096834489e-02
9.114691439862023792e-01
-5.058865488935457844e-01
1.243116131635819910e+00
7.329999723673190637e-01
7.354226059249362457e-01
2.646684987020039292e-01
-4.853621443701445770e-01
4.465505901808857758e-01
-1.279333138675082804e-01
2.023169770421939795e-03
4.722104968563326510e-01
-1.144275955620852825e+00
-1.464132045399761051e+00
-1.243427728710749802e-01
-1.293356309982015340e+00
2.009740100826770348e+00
2.071245362209244434e-01
1.215178015012191137e+00
7.483208867526847108e-03
6.094970336031881875e-01
1.019505929475745809e+00
1.446821807963142525e+00
-3.151368759997139612e-01
-2.450477818707468725e+00
-6.829395023703913603e-01
4.881584201014438351e-01
5.281255725421517555e-01
-4.926952582660908964e-01
2.185829919136045962e+00
8.882527142930241038e-01
-1.423189810255388377e+00
3.781373400056274869e-01
-3.967101420995057803e-01
-3.482550897404679269e-01
-1.226880093159302021e+00
9.485391556920729217e-01
9.970463203138055230e-02
5.027700678932869316e-01
5.703955273726541986e-01
-8.161993161857988843e-01
-8.379441741868236537e-01
-1.111157575164923195e+00
7.713250409092910209e-02
3.951536800339260358e-01
