-6.159707101621155756e-01
4.246085287236139871e-01
7.446755649928392673e-01
5.433640172745543007e-01
-9.388948848457203677e-01
-6.561487786419508694e-01
1.992657230051322337e-01
1.731995036388374667e-02
-1.040219743051447598e-01
-1.700377917081761781e-01
7.397861986793415889e-01
3.657080488413607111e-01
-1.292962807580316509e-01
-7.515195558062618408e-01
-5.193555105827171170e-01
2.530772137753771744e-01
-8.687125525364060019e-01
6.509926415684176293e-01
-7.972634589484279832e-01
-2.385216365386071125e-02
1.413311347258801032e-01
-4.034079840970838382e-01
1.603039667313610750e-01
-8.804819369822599606e-01
-9.156249031693004525e-01
5.899351308606578526e-01
1.273830177864486157e-01
-7.539240335130582560e-01
-1.321327254914035354e-01
6.658466906108393424e-01
-8.908112718987890588e-01
-7.796023967029834800e-01
5.373376426754090662e-01
-6.497075309983948443e-01
-5.992538213531289903e-01
7.334749718938217422e-02
8.966327068175662385e-01
3.783023952602161954e-01
-9.406809725626725793e-01
8.245623121648045784e-01
-6.402666047152193451e-01
4.043137933495571240e-02
-4.864488038494166888e-01
8.930335244883062795e-02
-6.552501316574057544e-01
6.583299501499898509e-01
9.769434052167134119e-01
-9.201159300304500022e-01
6.168865760842148216e-01
-9.301225727731203818e-01
7.695091592882339349e-01
4.855648603356674808e-01
7.263795043138053797e-01
8.176076052838974206e-01
-7.264886149133347182e-01
1.195408914946721746e-01
-8.076677041732454043e-01
7.440646199068139399e-01
-3.582573612040102495e-01
-1.183715458595456654e-01
1.773971690318373595e-01
3.451542224054923169e-01
8.605159501087713547e-01
-2.197111397800008414e-01
-4.586789576131178880e-01
-1.326316944427111677e-01
3.426012501679773781e-01
4.739354363664528488e-03
-5.430321736170264924e-01
1.173412528421028389e-01
-7.777098261784983757e-01
-3.775176706402217919e-01
4.057159332211344727e-01
-5.108512511982825355e-02
3.199683866607939964e-02
-7.540443863382405576e-01
4.991211126927833641e-01
-5.585551769971060926e-02
-8.283672120995172472e-01
-4.097423684832934843e-01
7.318749799090803476e-01
2.031164379780963092e-01
-3.161230340244372550e-01
7.285100970069243731e-01
-4.033317572116606464e-01
-3.991337834765423809e-01
-8.654661287490684751e-01
5.063141764878864581e-01
-3.227186865652216241e-01
6.171985834505653301e-01
6.648046858408488413e-01
3.770072478476972633e-02
-8.963004125401639877e-02
5.316262381544507587e-01
6.851860721758002981e-01
-2.620251922294771219e-01
8.767893356582320274e-01
2.903153491038653611e-01
4.076707238617035545e-01
1.056842044866632413e-01
5.927178202541951713e-01
4.013111160515357434e-01
-7.029966913560484754e-01
-4.669359961059924014e-01
-2.871604768678988617e-01
-2.571466091031081591e-01
-7.662956410719448663e-02
9.291822632728748976e-01
6.885016943046613491e-01
6.106031774262595802e-01
-5.999705550131099185e-01
-8.056226071046158621e-01
-8.178560617517615094e-01
-7.051246748915768192e-01
5.838558063614362678e-03
1.449081765523784482e-01
-6.555113199436160554e-02
-2.610060866440471750e-01
-7.175684779013656867e-01
-1.844162859761986073e-01
-2.179547253198042545e-01
-1.286706106842562536e-01
5.361523484248245652e-03
5.620619790771781421e-01
2.304033469111269328e-01
7.603231407125218277e-01
8.858299000884548580e-01
9.816421586190569037e-01
4.891477712555289958e-01
6.600067246196390514e-01
8.021793824401926010e-01
4.907634084303367228e-01
6.423482197984078379e-01
2.677046301971393594e-01
-7.925134343585203966e-01
-7.516272235279661817e-01
-5.376160398832581233e-01
6.318206170110661768e-01
4.288157566093240836e-01
-9.063372320202446319e-01
-3.524499205800000201e-01
4.475266854181175757e-01
9.575951824248708777e-02
-9.091845574784440664e-01
-8.565907435607238163e-02
6.905725586586161091e-01
-6.609162148420586469e-01
-9.032970099843423695e-01
3.753014633213956897e-01
-6.528905581497868038e-01
-5.299226276648629774e-01
-6.918667062083108110e-01
8.218293803571405931e-01
8.491496552196078351e-01
-5.690195761481985359e-01
-9.035469229162943483e-01
-4.942666245267761105e-01
2.447833944416377416e-01
-2.848508054071179352e-01
7.592174872278363296e-01
-2.118121694953132086e-02
-1.011228073736382682e-01
-1.401193512490159498e-01
2.797150989051145342e-01
6.774898555227456542e-01
6.463002458795494842e-01
-4.576688766371497241e-01
6.440596365394725131e-01
3.859788108016638519e-01
-4.843967708044402687e-01
-9.316054349508592347e-01
4.918671447147777709e-01
-7.403989187028534591e-01
1.914963737884577966e-01
2.872141398499521991e-01
-1.687055610043139975e-01
1.387828592544838591e-01
1.348421773489743014e-01
3.530918980601673307e-01
-8.058474473363053114e-01
3.101917714439716423e-01
2.493322721691974553e-01
-2.430576262237023610e-01
-3.212921087657621966e-01
-8.407946465389610768e-01
6.509904710475173939e-01
-6.546550145256592179e-01
-7.360163801675846384e-01
-3.921446577418293833e-01
7.560133198898382201e-01
-2.873747701816666833e-01
-3.740102035251436363e-01
8.250884716976838451e-01
6.676662156122408209e-01
6.641560387069389559e-02
2.284286330850996694e-01
-8.897945584839671573e-01
7.045668993724378548e-02
-4.621344831598356295e-02
1.692345323231283227e-01
-7.455447427663750570e-01
2.344427639311185141e-01
-2.886794345315647492e-01
-5.809922703751652096e-01
-7.908539450359446388e-01
3.056745761093077607e-01
-9.231642945166096403e-01
-5.415289370006520775e-01
-4.899512539568702807e-01
8.849724417672119037e-01
-1.034476027725768521e+00
3.788868541068981521e-01
6.384237609388476731e-01
5.180069163260726528e-01
-9.574218068163892204e-02
5.420476971059628307e-02
6.648645590332310507e-01
9.422086286719523196e-01
1.067158125212716441e-01
-1.152317100368431269e-01
-4.838654449108350519e-01
-7.052926346030897742e-01
5.058534496627422605e-01
-9.539925402448713454e-01
8.062320579549410171e-01
1.045048105539328892e-01
2.053945211247511504e-01
4.557875578179033105e-01
-2.039963669205726027e-01
-2.828359130361700058e-01
2.626741019364883800e-01
-5.022620809887229365e-01
3.059616258539870071e-01
7.452589505403557357e-01
-5.179765227456085697e-01
-5.818609110129761008e-01
4.617654979250394587e-01
1.924293981929239283e-01
-2.471282903014604751e-02
-6.596707692635184195e-01
-6.271932994388624838e-01
-9.522380444996779714e-01
-2.453680429867340640e-01
-5.689754539306242087e-01
-4.102318643364889494e-01
8.327955238066302446e-01
1.832127610138392371e-01
5.560885022839496816e-01
-5.832795352528895583e-01
-3.039937894553710884e-01
9.967652296645596044e-01
-6.346063580887215672e-01
5.966305821906124907e-01
9.008674077987993689e-01
5.464229346385141711e-02
-6.283254575286643107e-01
-3.774174924947006071e-02
6.447123336616145117e-01
4.026912632907494460e-01
8.537556334849593087e-01
-8.976608516526025650e-01
-4.507406962967659969e-01
9.058896086010552740e-01
8.768718640479824522e-01
1.850815550768259987e-01
