8.467244944961668796e-02
-5.127628982271524860e-01
-3.001364374910179267e-01
6.054687859697980290e-01
7.841343556038582463e-01
-1.280967899128286069e-01
8.325677031675342565e-01
3.914395319318686450e-01
-5.634805705404631881e-01
-4.020899041130920892e-01
4.580016742064612623e-01
9.310796867644782759e-02
1.886207551619505096e-01
-1.364495447274095830e-01
-2.176584400985725198e-01
4.037211111180722400e-01
4.595403903750668317e-01
7.967871946999717236e-01
6.016305514851937319e-01
-1.176192965764102510e-01
5.850392178996346448e-01
3.373675633299898502e-01
-3.815160413219219060e-01
7.236230169553921066e-01
6.443527024673934012e-01
-3.499268988223362964e-01
-5.355978532577515550e-02
7.785895004719409207e-02
2.113201332936104904e-01
-1.462697337567452349e-01
-3.727263149556725441e-01
9.995960060165781647e-02
-3.923896258144424221e-01
-1.102990602861921993e-01
-6.226634485321291823e-01
-1.480480373219911772e-01
-1.616584919845720503e-02
7.138470919249588764e-01
-1.578362046088863102e-01
-7.283673219760505857e-01
-5.274616590493244050e-01
-7.886733364160263271e-01
-4.948844911540679903e-02
3.021812972197698288e-01
-4.862573055525452048e-01
3.339367511849271608e-01
-5.762123286662340638e-01
4.222775509142185912e-01
3.555790804246055647e-01
1.396267365961928464e-01
6.903617995516601047e-01
8.378318376352313912e-01
2.707957544070369593e-01
-4.304029425509827145e-01
-4.182951444290926579e-01
5.747235232192346999e-01
-3.643223032961822594e-01
3.054052606354831223e-01
-5.809083162691842661e-01
-6.692807324639525879e-01
-3.087375773927444889e-01
-7.729051504293564800e-01
-1.649540934414969462e-01
-4.223316478896210202e-01
5.597725468196286247e-01
-4.342904814716656570e-01
-7.537465292684415452e-01
-6.342202317703775627e-01
1.225228178346890184e-01
-3.988377166454772360e-01
6.791982382793857603e-03
-8.219822618264821523e-01
-1.519817873682282605e-01
2.867053879104138892e-01
6.267448437780753778e-01
-2.712924619575747265e-01
4.540969485573822517e-01
-5.571856396321293037e-01
4.641182016513109576e-01
5.943258928303679633e-01
-4.454371275975121391e-01
4.985646477524788289e-01
3.935165965065537397e-01
2.597932265289636389e-01
1.817485484577841537e-01
3.805021534491265234e-01
3.702609337370738607e-01
8.004560548061624425e-01
-2.017651972678933536e-01
2.820761157223825033e-01
1.065218499745655967e-01
3.038277916742095353e-01
-5.413375978519948672e-01
-7.634716367525246072e-01
-7.558563828110724803e-01
1.633461918475930807e-01
-3.797494037377370790e-01
2.264836517915427561e-01
-8.824313193919301745e-02
2.354346470147824499e-01
-7.682319165713816789e-01
2.491432389541456405e-02
-2.170073462274864917e-01
6.691273581586969499e-01
1.927617473164081885e-01
2.731965146369889075e-01
5.347235330108675022e-01
-5.693818755017298061e-01
2.900750449465356318e-01
-6.966146520299734135e-01
-4.222445969271977628e-02
-6.365318065090447286e-01
-8.015852971040879349e-02
-4.344792567716964649e-01
4.290144818001666027e-01
1.255501573532736281e-01
4.163826022442350117e-01
5.652723755499834413e-01
4.740125753946099474e-01
2.534185859981716304e-01
-3.088158215334534940e-01
-5.771295738912667339e-01
2.572595623168607570e-01
2.423605999272885059e-01
-5.689139144097344891e-01
-8.746386300088048182e-01
-6.681490877375777238e-02
1.869135504432488937e-01
6.250959282734563915e-02
6.922765981063849772e-01
4.509123363888183356e-01
8.210817854949148398e-01
1.164181787021699999e-01
1.061282389990046315e+00
3.139907289819919289e-01
7.049475663229867184e-01
1.929730539611761719e-01
-8.638815427355479859e-02
1.975068542746493128e-01
-4.876099218125740653e-01
-2.203589503507022984e-01
1.177429922214502100e-01
1.264864117920669329e-02
-4.218463183213773671e-01
-5.818060153662814316e-02
-8.076354399074043844e-01
2.730592553414723164e-02
6.253466087490395786e-01
-3.101531200018379716e-02
3.935112273534317751e-02
-1.761894400730995569e-01
-2.138449020682011703e-01
1.211802650575808799e-01
5.378159168998826178e-01
2.757719264465933739e-01
4.826518171260232304e-01
-5.158825332419526566e-01
5.705880182355170527e-02
-5.282199704807415408e-01
-6.189051403544167940e-01
-6.092800039760277314e-02
-4.663175442578991470e-02
-5.140672360006789399e-01
-3.776666341900943302e-01
1.560613895879732482e-02
-4.103058456242973939e-01
-2.311034952189319758e-01
-6.580151210457686473e-01
-5.669841172639293880e-01
7.084451591056909470e-01
-7.279874543064740466e-01
8.843385599586165435e-01
-5.870084535806293635e-01
2.056962042403581159e-01
-4.060448756487100574e-02
-1.923251516554632390e-01
-5.695592393500266137e-01
3.557912067683531299e-01
6.625077740926892389e-01
2.440809181194472655e-01
-2.525688252487669205e-02
1.768840288659727089e-01
-5.253878469309525290e-01
-6.728346324159366620e-01
3.114995663556630601e-01
6.801673580128119179e-01
1.652192912790767243e-01
-1.462951852205274239e-01
7.688702529352920978e-01
-1.828097780673511585e-01
-2.403079327796640019e-01
2.882708361348884640e-01
-4.438131537247441694e-02
-5.897363070206791402e-01
-3.605679303898105537e-01
-4.991828310942555968e-01
6.468570940468455488e-01
9.648856719957649153e-01
-2.558582532729664627e-01
-5.692124292934158669e-02
4.975171869255978763e-01
-8.645000380605474821e-02
-5.920923235087971470e-02
-5.393577932619570969e-01
5.797658923933635133e-01
4.432093054653654662e-03
2.326264251882217415e-01
3.447534658594855750e-01
5.166296758261487154e-01
-2.571438948150328932e-02
6.629920373860977989e-01
-6.815484552919665040e-02
6.276096971330531737e-02
-3.107185986267337885e-01
5.397104114894897275e-01
-4.099077965268395352e-02
-9.018850648672326331e-01
6.629448300889881907e-01
-4.134515312439741574e-01
2.083270139369250984e-01
-5.814651529119088114e-01
-4.243461747491693581e-01
-5.259639459321152621e-01
7.317275098743740713e-01
-1.113472139780524589e-01
5.269757760408495528e-01
-5.266232588178648699e-01
-1.800706653913912991e-01
3.903499081990808445e-02
1.668588788970880032e-01
-5.807895135505538597e-01
-3.505548769675032594e-01
9.952036015139179570e-01
1.758871815449564724e-01
6.463663123691907320e-01
-7.794989141766004437e-01
-8.884482501206847349e-02
-4.710429089266539304e-02
7.166784535352785368e-02
3.140053684549052315e-01
2.060688165399577609e-01
-5.459088930705701115e-01
-1.063591360815809295e-01
2.085651038063697504e-01
1.821474607447004512e-01
-2.172191593490223616e-01
-4.728609008529410240e-01
-6.960300090739587331e-01
-4.434300372356553832e-01
5.610105811718171243e-01
-5.165454697700843090e-01
-4.575121140465177039e-01
1.754184348276696948e-01
1.384978148965986811e-01
-6.952019201536929760e-03
2.712387476271571618e-01
-3.667434360008427485e-01
-3.101289844875241425e-02
4.151653461302468040e-01
1.600882296905153934e-01
-5.294538191246114245e-01
-3.548133882743038647e-01
-4.520258664083406930e-01
-1.694140501592344972e-01
7.076629358016092719e-02
