9.861308471228593664e-01
4.204313897934097710e-02
-8.550983574955087763e-01
-3.965768289274363978e-01
-4.330785738506921501e-01
-1.255198865757312321e+00
4.117340587731419532e-01
-3.174681888819608666e+00
-3.854079975302846961e+00
1.680989211388618454e+00
8.987920394138597668e-01
-2.845320588736087064e+00
-7.376922093043880579e-01
9.814986473664537581e-01
-3.797522122197899419e-01
-3.993734042638849013e-01
-1.819786956016540835e-01
-2.916207377311308857e+00
-5.839620254126625110e-01
2.463609399616429663e+00
-1.739354100429652550e-01
1.418980861853379016e+00
-3.795029779247241830e+00
-3.490665469282964839e+00
-4.280652888512982424e-01
1.013891435035200850e+00
2.165324057294147231e+00
-1.826021969740637685e+00
-2.011124617337290310e+00
-3.060476824652372807e-01
-1.727345256802494955e+00
9.636740512540657999e-01
1.274045038905327276e+00
6.442790034555733181e-01
-2.768241005739719540e+00
1.091812079949283421e+00
-1.916051779047670101e+00
6.619759632816859529e-01
3.026191978144365802e-01
5.904583340187443685e-01
4.892333411959403633e-01
-1.598569382786823923e+00
6.220733129346069923e-01
1.117067642813951878e+00
7.239894817482710465e-01
1.271322056971206926e-01
-7.544381563431863391e-01
3.440952332149236348e-01
6.386069285706084120e-01
-9.109118904280469331e-02
-8.038177163751637488e-01
-4.204310403321203093e-01
-2.730903159645560185e-01
1.094764750405078590e+00
3.037949709207621307e+00
2.726247812568707296e+00
-2.550768294386814294e-01
-8.396951788742679224e-01
1.236259390009023296e+00
-1.813457358743855830e+00
-7.660849915036584967e-01
1.097243183565928426e+00
7.946144098130469846e-02
-1.775558657964565024e+00
1.147548252651342526e+00
7.529232014485202074e-01
1.780219703152185140e+00
-6.580200330805457964e-02
-8.487449140049546648e-01
-5.326364560017554650e-01
-1.236092920322980682e+00
-4.684804348813169650e-01
3.589757896210058474e-01
1.474613065695880465e+00
-2.964605785449907938e+00
7.539311573657168086e-01
-6.953748921552968532e-02
2.356233737544451756e+00
-1.542093341669640072e+00
-1.055990292477944514e+00
-2.120119056078014763e-01
-4.600913331348577828e-01
-8.135179124904714509e-01
-2.929958286149826119e+00
-2.295274402227985178e+00
-1.389013345898343077e-01
-7.456337862444806230e-01
1.476740612616003645e+00
-2.447812067360876309e+00
-1.339311662831433658e+00
4.434872382553998182e-01
2.149826039095890096e+00
-1.986610461707273290e+00
-1.123316053062355602e+00
-1.974206640822493419e-01
-3.384875860783341794e-01
1.529574409835872117e+00
-7.876004652171347820e-01
1.011658180766946913e+00
-7.164063823612778492e-01
-1.808554758653405647e+00
1.685604720472594797e+00
2.215672505803014669e-01
-1.750138375709753280e-01
7.000286105160824501e-01
-8.767358896417932757e-01
-5.412408610053872637e-01
-5.381826364089004056e-01
4.433602092943905726e-01
1.667713432674419627e+00
-3.233226234401477273e-01
4.365533338958673681e-01
-1.168862711312255609e+00
2.960929890905295014e-01
-6.683248320215618987e-01
1.922308743860605684e-01
-2.889672201236322402e-01
2.169806768426797206e+00
-9.387511288147476485e-02
-1.058482965762616246e+00
3.006625298589548079e-01
-2.751660940827235224e-01
-1.021268870003083196e+00
1.270141563308450072e+00
3.959146492561551600e-01
1.768962578757657722e+00
3.045286317920055108e-01
-1.109957050845357396e-01
-1.758184879634817344e-01
1.950723507246757138e-01
-4.711995192838169810e-01
1.715640776069826234e+00
-6.177492744518351397e-01
1.488715608088163833e+00
-1.479799100048008853e+00
1.300884733976670704e+00
1.056680170721522538e+00
-6.020251050375031721e-01
1.746864944990558888e+00
-1.128793070197859461e+00
-1.443302819589764585e-01
-1.580889841036078103e+00
-5.793224409583854762e-01
-5.705773450614155529e-01
1.144116474614302659e+00
7.489278753600532301e-01
2.186969555071090365e+00
7.999329903213742154e-02
-5.195922129596304284e-01
6.936768069641929824e-01
-4.779583761391457686e-01
1.747516573172796850e+00
-1.463645725754378901e+00
-1.571279575370645887e+00
-3.126677267738470212e-01
1.901588316631885878e+00
9.040658813492949974e-01
1.572716187798689214e-01
1.354223876072545574e+00
-1.225294826320143304e+00
4.250664147741122223e-01
-1.359726911307540753e+00
7.354548372045399685e-02
-1.041955612377982954e+00
4.894220451253138426e-01
6.804245481352055869e-01
7.157355065732193822e-01
-9.851992773713138529e-01
-2.688745516340412811e-01
1.137445402301275221e+00
-1.705119408095300937e+00
4.510017058462115758e-01
2.431613734635995172e+00
-7.370644387111400242e-01
2.606679509837561692e-01
7.934076698090990476e-01
-5.469205200130533573e-01
2.393638447299230698e+00
1.978435764459221202e+00
1.023978340495015571e+00
-1.060543324828068901e+00
-2.342404948077835058e+00
-1.892816028763074421e+00
1.545287792044345743e+00
-1.227990902694345632e+00
6.494712421521129375e-01
3.443093815370366073e-01
-8.203469060696022552e-03
8.693126142607177087e-02
-2.784430970454444543e-01
-1.341490106776964009e+00
2.147338220625961691e-01
-1.005805864425583396e+00
-1.971398166447097422e+00
1.262036171120635375e+00
-2.438847025709909744e+00
2.008154318412308514e-02
2.012860025145226661e+00
9.790906709248283768e-01
-1.281550257130958492e+00
1.313613747281428656e+00
5.027237545425011778e-01
1.043809186224857743e+00
-8.469015677318021407e-01
-1.892419309526419680e-01
-2.791991590306441284e-01
2.194396956576938340e+00
5.185763022973115532e-01
8.058818993023286748e-01
1.656309864317622838e+00
-2.335930183252275860e+00
-2.031111630550337832e+00
-8.687459075015551146e-01
9.577690271330344673e-01
1.284783813161854971e-02
-3.768649603159465178e-01
1.708057515965308859e+00
3.668230166807698200e+00
-2.829194080340453166e+00
-1.747353204857326592e+00
-2.985568235588755837e+00
-1.728542578295602983e+00
3.383239754771507624e-01
-3.111881594966638520e+00
-1.490218390937792847e+00
6.200203744705565789e-01
-1.333111018744195242e+00
1.671784072434348900e+00
-8.633451714455386838e-02
1.817136125004593650e-01
9.568266398671301243e-01
4.577110293839251609e-01
2.386230610582296130e+00
-1.853086112662003737e+00
2.863867425455338678e-01
-1.609731366269109287e+00
-1.357925402356194855e+00
1.081968710861255234e-01
8.762964470909911929e-01
-8.979546199498731340e-01
-1.366725508346497753e+00
-1.821968871793074873e+00
7.029375956741007458e-01
-3.006225090002171196e+00
1.039148186168601384e-01
-7.793559103648259878e-01
-1.435669762577788333e+00
8.911577715804963606e-02
1.465989162743307705e+00
1.960638935318557707e-01
-1.611018193993120740e+00
-2.309025324918643207e+00
-5.374379913630711325e-02
2.686297876098156845e+00
-1.899932968408822642e+00
4.363344383849736552e-01
1.755310080219271152e-01
1.439914513130479357e+00
2.184954703526347686e+00
-1.403500975164536646e+00
3.657610577880759273e+00
-7.347212695486171619e-01
2.077932368732389179e+00
2.294698542552601417e+00
-3.327076998164175681e-01
