1.671456281252929055e-01
-3.087132248897504413e-04
1.183742195569412597e-01
4.683428878937070938e-01
3.710310064234368377e-01
-3.293348669529413408e-01
-4.712727928453019910e-01
4.515587897576337634e-02
-3.822805621659124964e-01
-4.307715547122534239e-01
1.298551340293334633e-01
1.195220232375910491e-01
4.700461597882757969e-01
-2.524726339171179390e-01
1.993037129537339469e-01
5.479526814289850112e-01
2.278767586848078064e-02
-9.658558581152372480e-02
1.981138478299590833e-01
-1.981985568376480322e-01
-1.327156545317437208e-01
1.555146636636852431e-01
4.755332739952321947e-02
-9.091538569117199597e-02
1.124803048837118430e-01
-1.235506212290924249e-01
-6.156526966255876365e-01
1.043754535865062810e-01
-2.669844212758204494e-01
1.854804250741889093e-01
-1.190237556399248164e-01
3.802761142796324267e-01
5.293269020909934230e-01
-5.720994475869602136e-02
-3.495654343055747404e-01
1.682134375642896917e-01
-2.091157545162766196e-01
-2.023900653314791853e-01
2.040884647155700171e-01
-2.334304504062505725e-01
6.642612817648416712e-01
8.384636463083373903e-02
-3.417950769135076894e-01
-3.268342232138864989e-01
3.281573969571864313e-01
7.890188499146704171e-01
-3.164244301418914773e-01
-4.338421003967563722e-02
1.698005378259448417e-01
5.366097939532717964e-01
-1.821925270445072242e-01
1.921701704026529400e-01
7.544082981293116774e-02
6.608972300898341423e-01
-7.368504535503991870e-02
-2.425816860337340064e-01
-1.127061991398866925e-01
-5.276398556052755984e-01
-2.071239335894729250e-01
-1.796792559578822557e-01
-4.230166094670584909e-01
-9.660319666441311015e-02
-5.764158183474454855e-01
2.771255706922697293e-01
-1.455886145300303303e-01
1.367084950625241380e-01
-4.091271348283172238e-02
3.473032292280904820e-01
3.397939838811525615e-01
-1.311862027279477871e-01
-1.728004124820260445e-01
2.783048747583559690e-01
1.348977360362736133e-01
-5.738906889486808938e-01
-4.246549339316534055e-02
-5.677767092572704177e-01
3.851639491996116660e-01
-2.234149609387260371e-01
-3.751689423493040354e-02
-2.122425751011149109e-02
5.906236249602911936e-01
-2.767322227136063684e-01
-1.969291714815427363e-01
5.779218974053033087e-01
3.350500590650874466e-01
-4.963919991749671801e-01
-5.726194576905651035e-01
2.830709713234667024e-01
-8.335730243879303780e-02
-1.608022111382180763e-01
-4.110165884398251368e-01
1.383383752363256947e-03
-3.611779152886331890e-01
-3.018722532292478222e-01
-3.817322757843274461e-01
-3.743176618989711435e-01
3.952823285796545072e-01
2.315278469127657890e-01
-2.469792344961093400e-01
-3.234614002313250247e-01
-1.990797511122237989e-02
-3.202765492776628031e-01
-6.262101591264205291e-01
-6.586115156729734910e-01
4.567639410710643694e-02
-1.677455165872771825e-01
2.687744528514963704e-01
1.545369297613523318e-01
3.900879283845690715e-01
1.733024074931615310e-01
3.177788055444492610e-01
4.667661497040388463e-01
-6.408069621865515597e-02
1.858561497153405073e-01
-2.832408528317830188e-01
3.483092249371173565e-01
1.241955113493028312e-02
-5.790669673208129753e-01
-2.720537582992988979e-01
-7.012573024560456725e-01
5.599956653809450291e-01
2.822567076296064181e-01
-1.731723666661754701e-01
5.756541978818993099e-01
2.264497637386916895e-02
-4.148521164769313763e-01
3.439484012129095242e-02
-5.330454784413403146e-01
2.252333859430508123e-01
2.938993288326533504e-01
-5.203216124375004137e-01
2.224908456365571330e-01
-9.447108616766804190e-02
-5.556341055392060961e-03
1.926426031585382614e-01
1.894796965641808439e-01
1.711875197881337352e-01
2.086695156058734901e-01
-2.603430810836803722e-01
2.494993877193910081e-01
2.565962714929730937e-01
2.226821628482357485e-02
-4.858206004595927996e-01
6.111139975760571108e-01
5.295937194950720572e-01
-6.844147389913531228e-03
-4.350045409014616227e-01
5.041565424809148904e-02
-7.682115805380411722e-01
-4.836694078282656739e-01
4.241404895206634107e-01
4.083804372688086270e-01
-4.692775023937615503e-03
-6.953881801856981459e-02
-9.495233098266539495e-02
5.838024281759183198e-01
1.742192395475112426e-02
-2.594215328884098004e-01
-2.872742739724159500e-01
-3.023448628238960267e-02
6.988729894861279712e-01
-4.087932525793513405e-01
-2.608183383282310919e-01
-1.127700094722289825e-01
3.951423791548044351e-01
5.763349279874693254e-01
2.184518480222459591e-01
-4.319959343140407082e-01
1.115175575430000232e-01
-2.505795069831385780e-01
-4.736115914228335999e-01
-8.019736766287863250e-02
1.557914371038222057e-01
6.236657459213805765e-01
9.189589538452082318e-02
2.950512572161256286e-01
1.533260294486545050e-01
-3.775548034674221926e-02
4.124016892374472998e-01
2.592689346786438698e-01
2.555422377491290420e-01
5.517191073848558558e-01
6.625229988325316288e-01
-6.211838177558564045e-01
2.425652037810897554e-01
-4.156899970372072151e-01
5.103461982731890417e-02
4.521319216585188705e-02
-5.012375037279669376e-01
-1.864924809576539166e-01
-1.573041187456073187e-01
2.146611643879244857e-01
8.403837592640177323e-02
4.972529869799556801e-01
-5.511855460461390077e-01
-4.457324478352015507e-01
4.073883597712465998e-01
5.391606062975118352e-01
1.727514023408405208e-01
-4.228444736523774838e-01
4.863034853790783041e-01
-2.343693409631772417e-01
5.399412956089808535e-01
3.009701166050583465e-01
1.937941658072700191e-01
-3.590836867344728289e-01
4.819634731122135474e-01
-5.222981688303911241e-02
-1.617939035294235078e-02
-8.955712741546167574e-03
-4.208288477724159149e-01
-3.010214867591236021e-01
2.732674934156162916e-01
4.036975320292117142e-01
-3.012792502635630587e-01
-2.373937809819480771e-01
6.731233810314745103e-01
1.877258751786666513e-01
-2.279060376271239974e-02
1.972038357037425860e-01
-4.625043301568473320e-01
8.870435841112351075e-03
-5.069331604997993068e-01
-7.322795869062777296e-02
-1.921816178546575660e-01
-9.843506715724123501e-02
-6.191292234030970620e-01
5.720946362715991773e-01
3.157313304255941477e-01
-1.119792664814614827e-02
4.363935966378885700e-01
-2.808137280673252412e-01
-3.874838149713338842e-01
-2.558861354660561527e-01
-1.939990490922106070e-01
-2.308016892972820366e-01
1.012038624592379171e-01
1.182967696624969423e-01
1.483169563843774741e-01
1.821086495175181508e-01
3.487551735497856908e-02
-4.386548401372085126e-01
-9.984069987662543694e-03
-2.519225064442772166e-01
-8.015156592992666099e-03
-1.018790557201693925e-01
3.377371167006702479e-01
4.409421037134306220e-01
-4.265918899498445382e-01
-6.255140976971653721e-01
-2.046419493810054946e-01
-1.954262675651644021e-01
-3.831694159413415735e-01
2.709477335095094030e-01
-1.266295740857446561e-01
-5.211786412648790057e-01
-2.784519101868928037e-01
-5.487626500178609534e-01
-3.426965585622971378e-01
-1.283343065226587032e-01
-1.617357416403301384e-01
1.427724808767441012e-01
6.776777711902709500e-02
-1.595896317813755641e-02
-9.662427620473790224e-02
