2.262359116356009725e-01
-9.930120585649526710e-01
6.486379264868504801e-01
-4.253683160383474604e-01
-9.806260337006273975e-01
8.394623710680118034e-01
9.390368860841595833e-01
-8.229541946413583275e-01
-2.131249577057479083e-01
-1.760363756393679147e-02
-2.068239491551497888e-01
-3.114953075024562423e-02
-3.904085164296922095e-01
-2.077555245849598275e-01
7.459926423257194905e-01
4.523461595786264500e-01
-7.307679098217607638e-01
-6.581115438470286350e-02
-4.653679966044110827e-01
2.896351120053193284e-01
2.100469285891652937e-01
3.301931738380303738e-01
5.384283647698486774e-01
4.506988485074285844e-01
6.308718765692742370e-01
2.586510563861645906e-01
3.293421167265615512e-01
4.856006788757210035e-01
7.122702743980084961e-01
-7.772241442727954031e-01
-8.255132288584872136e-01
-2.242928883052257572e-01
5.826899328382999510e-01
-3.861600697228599888e-01
-8.429691505559238074e-01
5.027929168270459659e-01
5.845547556084529361e-01
2.444983513595113678e-01
4.388723211373872779e-01
7.129919235200001815e-01
6.693419228196619830e-01
-4.148648096183578105e-01
-2.492338665222275651e-01
1.643304118936210756e-01
3.791297782631903868e-01
-5.424135515596506529e-02
-8.971403922353060612e-01
-1.156281014250453154e-01
-4.202007137638676948e-01
3.081738303416725611e-01
6.168276412507167628e-01
-5.565328898764596577e-01
6.215640049662842781e-01
8.244444983979413166e-01
7.185213655227815632e-01
3.176980080340940926e-01
-8.500352244144993019e-01
-2.140210605095129726e-01
-7.249992640000761934e-01
5.216683046819037273e-02
-4.812330196062080123e-01
-7.226503270740149976e-01
-9.994209815061025903e-01
8.567434542774454709e-01
4.896189453660839686e-01
1.200861853778085742e-01
8.607245866607693419e-01
-8.381024409955126764e-01
-6.319757668783763105e-01
-1.751403634106321050e-01
1.048848873187080422e-02
-2.130301188678724866e-01
-6.654929826616993171e-01
6.964135095676817766e-01
5.113449091107593603e-01
9.852636269056183060e-01
-9.723060068492057617e-01
-8.609088228455790137e-01
-1.885866279945818125e-01
-6.661809353326408889e-01
-8.986127967589079280e-01
9.435800763170563155e-01
2.562671325107885867e-01
6.224258261624842081e-01
8.656580942376508325e-01
7.328298952823539825e-01
6.632334211440156224e-01
-8.984356353212248347e-01
-1.977121132588273156e-01
-1.198369779523023038e-01
2.643200382780253044e-01
5.191019095052165078e-01
9.495335417771653130e-01
2.960589690847841293e-01
1.165792126740157197e-01
-5.474707020525799717e-01
-6.542527246528551110e-02
-1.500036716068675613e-01
4.669469107762642679e-01
1.947974532708534046e-01
8.196440253859058611e-01
-1.989850830070341026e-01
-8.262113855087349634e-01
5.154064271204386039e-01
-7.312899975206006431e-01
-4.229215334594484954e-01
9.515410170972613546e-01
8.751991155949720991e-01
9.513838159820917628e-01
1.696111939547810810e-01
2.092539089347515979e-01
5.998451336696273284e-01
-9.750919354133569250e-01
8.909293397719013630e-01
-1.398243068343623108e-01
8.044221498261685532e-01
3.040297288642392903e-01
-6.112678729991494198e-01
3.916911206151805214e-01
-7.466584871390873346e-01
-2.446672272115786306e-01
-6.536409273704180123e-02
2.527837441845572908e-01
3.585354675489158538e-01
-7.924726114460045601e-01
-8.494876473170998032e-02
6.335612065201952081e-01
-6.080672620144418339e-01
5.283428186943184279e-01
1.326613059485963753e-01
-1.508464005126364249e-01
-1.732466980987361627e-01
1.353119984372743723e-01
-5.480547561891890851e-01
-1.999774595660910315e-01
4.277449293206205816e-01
1.672929891938335079e-01
8.734605012975764637e-01
1.411739157735070194e-01
3.269455073222979902e-01
-8.496721456932290195e-01
2.074315486357223293e-01
-7.208019421000479987e-01
7.174679853335714785e-01
-9.119736973594905205e-01
-7.273324426650915608e-01
2.839757287885429360e-01
-5.152670732348638705e-01
9.459001153527051287e-01
5.693242172453956140e-01
-2.773950022081903555e-01
-8.342207482730905621e-01
6.279507438145683906e-01
2.087992833678311566e-01
-2.087975771270196290e-01
-5.114580717398928833e-01
7.454700749039711027e-01
-9.566472023724097440e-01
3.731631502346943741e-01
-1.437586141500599712e-01
-3.668487721506283883e-01
9.141733628389820954e-01
-3.491178322000161316e-01
4.862643177411953843e-01
-3.762336490313256121e-01
4.283557922070742041e-01
-8.717508545860792601e-01
-9.032192698049368307e-01
9.727734532028216030e-01
-9.814688172846517400e-01
6.413394607194822239e-01
9.749038918798982323e-01
-7.289036420290060381e-01
6.167527673247872322e-01
5.262485607154043787e-01
7.517804439149684548e-01
8.038292789839118768e-01
-9.461105405850234185e-01
-8.313412968453848251e-02
2.407463302139376538e-01
-1.909346073863167348e-01
6.349050919396306281e-01
1.561935880916820452e-01
-4.056927536189671724e-01
7.537825434279921133e-02
-6.594494013243541453e-01
-3.361986154825777895e-01
-1.105928969379812443e-01
-9.096259911934543307e-01
-5.570333648546113015e-01
3.837961167764460946e-01
-1.839287198908730048e-01
-3.053639924467868028e-01
9.952803038956496984e-01
-8.834894629790599474e-01
-1.080987324001854155e-01
2.235264605014890549e-01
-6.076454861751925396e-01
-9.755305301124241879e-01
2.241965207712366404e-01
6.552758552460609121e-01
-3.800599895769054548e-01
7.658282416647326230e-01
7.819831801428422935e-01
9.301595292513091806e-01
5.499306408593711559e-01
1.260105162857427796e-01
-5.656409843238470181e-01
7.004069674288120328e-01
-3.070092796363084187e-01
-5.486372970088240208e-01
1.313361222115629889e-01
-7.520434732306071623e-01
4.467923954398518305e-01
7.438021756700281539e-01
-7.913926221933742511e-02
-5.947316174932337773e-02
6.199229361307834196e-01
7.496997169944146222e-01
3.851585676316608975e-01
-2.227366609492769101e-01
-4.926120311048016731e-01
-6.230402416662428333e-01
-6.488579726784400314e-01
7.006026068203088375e-01
-9.042152256141742228e-01
-8.511499953259933360e-01
-8.764220844495742568e-01
2.953229579277867334e-01
-4.426346141239343446e-01
-4.781002133396927700e-01
7.707172217456739194e-01
-5.435249022103372241e-02
3.623570143264149834e-01
-5.819683807456932367e-01
-5.147342274837383158e-01
8.975907895389734215e-02
2.551555056821248613e-01
6.392095911551036735e-01
8.601996797435078612e-01
1.367869031897084309e-01
-5.016897029373539318e-01
5.958844479646172587e-01
-4.883585696051424563e-01
-8.364413420261000986e-01
7.440652735226309655e-01
-5.491872219717908177e-01
-1.074339672359667652e-01
5.751737827365051015e-01
8.911841417831825041e-01
-6.786734573027943807e-01
-7.900281292393458443e-01
-3.848576255033542282e-03
4.279773115796365879e-01
-8.410419459019942146e-01
8.863029842120253576e-01
-6.867115665510170608e-02
9.630200306284670830e-01
7.828819446711170471e-01
5.722833376547855622e-01
-8.923958774303384356e-01
5.076736062474718203e-02
-5.827599810215908782e-01
9.522225396757355576e-01
4.719594592570741654e-01
