3.651207830000440246e-01
-1.351150973850681059e-01
-2.517349084301212514e-02
-1.241136802851798837e-01
-5.509903915219616088e-02
3.010240748405010880e-01
-5.484739809510883468e-01
-5.433383312377053631e-01
-8.933505252367166527e-01
-5.747978434293823380e-01
1.355358573241003395e-01
-1.914833092807526338e-01
3.791159216287716127e-01
-3.754337054202945279e-01
9.193840210179251571e-01
-1.569828042780369026e+00
-4.537420401297910799e-01
-1.721723377620897333e-01
1.479933848279266106e+00
-7.998109832657732676e-01
-4.267909490071487011e-01
5.318389802030909497e-01
1.541565902496711882e+00
-2.186084775970219773e+00
8.567061247973611904e-02
6.888872068117304348e-01
1.425650826774078617e+00
-3.229547887047792831e-01
3.343082000889713301e-02
3.050730465329676289e-01
-3.526186988780541376e-02
1.892420420653853741e+00
1.342979304545403707e+00
-1.038738200109647236e+00
-8.931430034272580532e-01
9.863119517167604489e-01
2.296028284848200762e+00
2.493254508717155815e+00
3.079521886450837798e+00
-7.899607948036021510e-01
1.216731156043215245e+00
1.251724064552727445e+00
2.628374383868248287e-02
-9.911304064630027666e-02
7.823844388611482792e-01
2.340058195459199242e-01
2.788772939726646971e-02
-4.869493725051286526e-01
-5.402400286129807605e-02
1.653080964659800589e+00
-3.560007011848358438e-01
4.525582187062793249e-01
-1.751647239862716754e+00
7.173651130793583519e-01
-3.511110929201478603e-01
2.912627969495131808e-01
1.041605417508809861e+00
-9.032456999377458384e-01
-3.722068664302972119e-01
-1.217623806512915907e+00
-1.462218295276086710e+00
9.416646022950245776e-01
1.970399683386476752e+00
5.621883186216560802e-01
-1.269955238259101726e+00
-1.426707457036482385e+00
2.640770201353820346e-01
-3.769804612376678188e-01
-1.483213001624566374e+00
-1.565570679280877675e-01
7.211292647092910624e-01
-6.316824107401763921e-02
1.841703088809919286e+00
-3.007538083617058433e-01
2.722340618225233211e+00
-8.574509361210242986e-01
-9.111642558360123489e-01
1.138846819740804706e-01
2.863235509838701898e-01
2.935532866780786065e+00
3.550678971513589466e-01
-2.508950143983015746e+00
-3.824123686121323473e-01
-2.372022657211799945e+00
-6.190828832257868619e-01
-4.521098546092070514e-01
-3.765308296000402510e-02
1.780037405370804571e+00
9.753631914284738302e-01
1.165195578693410727e+00
-2.617549464893430322e+00
4.908506575825478113e-01
-5.364965837927671011e-01
6.656636242851278196e-01
-1.000980868172574922e+00
-4.880709164013712353e-01
-9.680436518539603519e-01
5.117644880319350831e-01
8.585110874674630743e-01
2.514213539430304678e+00
-2.158265943488361316e+00
9.728660840052926195e-01
-3.030580111856223446e+00
1.089294008879347020e+00
-1.624422322485049364e+00
-1.058205322903561729e+00
4.740945627871668400e+00
2.960764704553032534e+00
-5.394719260891900348e-02
9.518293951045783130e-01
2.615063124570277120e-01
-1.435534138537881255e+00
1.302692867445697456e+00
-9.322865870501836350e-01
1.047710282859164455e-01
-8.657230752105389282e-01
6.456927074891883889e-01
-1.911327011969372158e+00
5.826960973445279857e-01
-1.872664699481794592e+00
1.683435201131239234e-02
-1.992617094535000133e+00
1.968583303634578785e+00
1.250544913415856385e-01
-3.269770926545005896e+00
-1.903579244952215754e+00
4.368577459157009235e-01
-1.595790520791041445e+00
-2.467633939735776494e+00
1.111958497754163222e+00
2.813880014707302202e+00
1.291727848867460615e+00
1.904655873491301055e-02
-1.693583849379604267e+00
1.350691690959662461e+00
-2.802213889149141046e-02
4.696548016715534901e-02
-1.187521478769245409e+00
-1.044264883752872741e+00
1.009096947083701679e+00
-2.257535157951616966e+00
4.132885623812803111e-01
1.492152515325102735e+00
-3.230694393526537533e-01
-2.845510652839982946e+00
-2.167014380405132279e+00
-1.896802951669119608e+00
1.675075406934705580e+00
-3.161419159771536869e+00
-1.112004366283570356e+00
-7.715057587427465169e-01
2.751913671009071916e-01
1.916577627405528172e+00
-2.257836581898269857e-01
-1.913542508228515127e+00
6.889344203753553497e-01
1.510768846814481314e+00
-1.114270375703121596e+00
1.652066954151659051e+00
-1.187955044143509609e+00
3.547986272573965261e-01
5.615683617646561876e-01
6.015763846936267312e-01
-1.301620345237431975e-01
1.380435881777650198e-01
4.527326459603886466e-01
-1.261712242260025207e-01
3.641788492366762053e-01
-1.220164807203443225e+00
6.492042969907978467e-01
6.894604819520422367e-01
-6.894378031337499158e-01
-2.461074274971470910e-01
9.967633619394272726e-02
-4.927064577555864133e-01
-1.998559630129737696e+00
-6.232646123920431158e-01
-2.334465457071455141e+00
1.217384412660978965e+00
1.944590148859222101e+00
1.079483139730793129e+00
1.103545338948807686e+00
-9.722743952964009173e-01
5.932124907654974244e-01
2.858179938173626145e+00
-1.456558244962768534e+00
2.498535358715321841e+00
7.084763460384904121e-01
-2.670673519177968025e+00
1.670954501413370208e+00
-1.669282375086649672e+00
-8.342124802395486372e-01
-9.738916234207503075e-01
3.871910168723403656e-01
-5.137216528481145517e-01
-3.472439332041099558e-01
2.364555550464844114e+00
-1.845579051086219113e-01
1.201045854678032487e+00
-1.016154448778792796e+00
6.216211057886251723e-01
3.974228129169057877e-01
4.281924538878003061e-01
2.169376891573140398e+00
-6.614416338407702600e-02
1.362593527405456806e+00
-7.738409095767173618e-01
4.590595801325395575e-01
-2.415209379102352116e-01
-1.155812115875778145e+00
-8.116969408450455670e-02
-1.601896851402978328e+00
-1.236882683430595709e-02
2.872977228730681620e+00
4.399722235515934887e-02
6.844026351063363656e-01
-7.429306448568701038e-01
-6.400727346336165802e-02
-3.404631901956138851e-01
6.392427312504889159e-01
-1.878212189069143889e-01
-1.477340660455597199e+00
-8.617974086375512766e-01
4.099070384604899253e+00
5.491438661470551263e-01
-1.016145816231662558e+00
-2.074751046616350347e+00
1.843988741791700026e-01
-1.085613247341305154e+00
1.783357582676786679e-01
-2.684737387790231189e+00
2.121620475746869516e+00
-1.085468889232397149e+00
-1.570203856194581915e+00
-2.520858801852561837e-01
3.569080342152191054e-01
8.517639548669327931e-01
3.402812944972357645e-01
8.435970432193388158e-01
-1.010528856847218604e+00
-6.514391476770589051e-01
-1.396166635291296476e+00
5.644963611531387260e-01
-8.964825359779071690e-01
-2.056543047323968754e-01
-1.827436842206039191e+00
-6.215105090471857441e-01
5.209332012565580650e-01
1.352232059171631029e+00
-2.170816493564799998e+00
6.010629179230940755e-01
-6.049024943587134606e-01
8.233819456551303428e-01
-2.449884584246238561e-01
-3.371561502374385011e-01
9.078067567856531461e-01
-3.508382496113803262e-01
-1.797623991452656167e+00
2.701152356922394970e-01
3.327367917915025064e-02
-1.822436098019997619e+00
-1.085483198346594458e+00
-1.420107038102635943e-01
1.934603131827560940e+00
6.282395645685970864e-01
