-3.560521686779651862e-01
-4.990991923247189987e-02
-5.332924018917348796e-01
6.627262821982076169e-01
3.172661252649353614e-01
-2.485455218277456968e-01
-2.085437298333403522e-01
-8.904282732371950893e-01
-3.155651972955038076e-01
-3.571129477124816987e-01
-3.815208608405986634e-01
7.054339124792985416e-02
3.136786898848751282e-01
-3.801977500571289692e-01
9.523954764613000723e-01
-8.452357889424908510e-01
-5.284113695769792063e-01
2.876895482147836525e-01
-1.813345900757123985e-01
-1.078717412680723076e-01
-3.494027221389968130e-01
6.395949928227799841e-01
-8.013019147878208681e-01
-6.303813534461975010e-01
-6.930767006508604666e-01
6.341235727888629992e-01
7.875546356900025025e-01
8.552113395757150460e-01
6.078297303479753833e-01
7.671790342467355028e-01
-8.699294206171863664e-01
-3.209096846998400476e-01
-7.018676225706828031e-01
9.667047749241575172e-01
7.733278817348820944e-01
-8.057833461511587636e-01
-6.623792192882851371e-01
-7.933997285850242775e-01
3.779032160695126041e-01
-7.664284138938828317e-01
-7.364857246613523145e-01
-8.261387557747470467e-01
-2.431921390132685268e-01
-9.818088676471681264e-01
6.735216374990151689e-01
1.865168706369533247e-01
8.577853272942432827e-01
5.631008786250759623e-01
-1.808138437415984789e-02
3.421897139578733427e-01
2.257600496318381555e-01
2.725758095457311292e-01
-4.579302071965107856e-02
-6.409556993734601971e-01
2.731301502706158235e-01
-3.093674628997311604e-01
9.079903768514492324e-01
-1.159637530410695394e-01
-8.039596442765695183e-01
1.619403532428651538e-01
-8.104312461102030074e-01
-9.035225371361452762e-01
3.997070192003588929e-01
3.677798185501734984e-01
7.786674993249460552e-01
-1.080185152232184809e-01
2.899452029259603769e-01
9.978897209391168754e-01
-6.750783827077424526e-01
9.112340226063064819e-01
9.716257681222719711e-01
9.909567404913082189e-01
8.986094502056489741e-01
6.147429521469949254e-01
1.730737220322375869e-01
-1.661903592705773480e-01
-8.017503129801801798e-01
-3.491535607990086110e-01
-5.726082196365482879e-01
-9.566081511943849147e-01
3.194865804690105726e-02
-5.073492258068026395e-01
-2.283149996502409351e-02
5.373544788770252545e-01
3.879443319501421072e-01
7.063486710172945937e-01
-9.865563578716594062e-01
1.125910973655219749e-02
-5.627944187100724083e-01
2.046790526936486110e-01
3.690676270352852839e-01
3.864031180213030048e-01
-7.600980043400467068e-01
8.200657078412887380e-01
7.323434558851547038e-01
-2.256510768168840109e-02
9.773856189685812268e-01
-5.035974015859456809e-01
-7.628687091554506861e-01
-8.505431632967077604e-01
8.637733018629800696e-02
9.232866936633592481e-01
-6.324193700389102446e-01
7.775125449244846276e-01
3.547114749639064257e-01
-3.952258175403711160e-01
9.872554098578392168e-01
-8.876082127600619653e-01
-2.331439019490844089e-01
-7.118860269100646398e-02
5.561582143333583250e-01
-9.111566553794394618e-01
-7.408180534224670932e-01
-3.409866623942703345e-01
-1.749819523200035754e-02
1.337189955849211742e-01
3.794042677470685909e-01
-9.024570554481983198e-01
7.999420136987143160e-01
-4.864958113308552878e-01
8.511676277682027614e-01
-4.599014208898548617e-01
2.031747817686384572e-01
1.236792153662540361e-01
4.201696246562880432e-01
1.320457799086298678e-01
-9.303634874804793675e-01
-2.325263462305096063e-01
7.006743318172143908e-01
-4.607017940582422977e-01
-7.881442614764266885e-02
-6.673318208845528954e-01
6.194136786488144697e-01
3.902625618012511843e-02
-6.404512945815947766e-01
5.449726197318582877e-01
4.871092398660903378e-01
-1.189491523659418348e-01
3.249534682936461305e-01
4.117253259475088800e-01
4.401943804003847216e-01
4.595829679943341795e-02
7.171557389719716014e-01
1.149492496909862993e-01
1.705438722744230251e-01
2.749827592452560587e-01
-3.794516684149162877e-01
-2.175712747377978040e-01
-6.373975860038378904e-01
-9.543309766175256392e-02
-8.717822836692092903e-01
-9.099451410017518338e-01
7.461970520445564414e-01
8.755217711709082362e-01
4.061041963727667348e-01
-5.943851302243730039e-01
2.334519474592653410e-01
1.268726613329402841e-01
5.884547509093787099e-01
-1.468850105660322036e-01
-8.905237829585039844e-01
2.399103289076134349e-01
5.069425356250842896e-01
5.296339541663954709e-01
-1.558592808827574672e-01
8.043292324237096835e-01
-2.928583315039499091e-01
9.181792363249694500e-01
-9.082131185951478614e-01
-7.731475828741141143e-01
6.202981485003733475e-02
8.590490776765624670e-01
-4.654580298800474747e-01
6.658774581057793629e-01
-7.879193712318617315e-01
-9.474347691430962115e-03
-7.011274865859269401e-01
4.817147986088754497e-01
4.151283113106456479e-01
-1.195172774422283979e-01
8.523082663606236231e-01
7.542198132464790206e-01
-7.647676778334506764e-01
-1.743895873749232717e-01
9.215818909679531767e-01
-6.008275011201003046e-01
-3.378855146412385047e-02
5.980862228914394230e-01
3.901113545681063055e-01
5.325582546798499628e-01
5.236531976816376499e-01
1.436901397702341487e-01
-7.900118355408565218e-01
1.333666464637883742e-02
-1.270882743659149661e-01
3.075410288743176679e-01
3.992229936852411676e-01
-4.944964659215229652e-01
-8.301169933051100180e-01
4.127569937991111271e-01
8.507835629265478872e-01
-1.162395317126658778e-01
-1.089584422347722459e-02
-5.781790834520983413e-01
7.976901284446133999e-01
-8.329867182779326917e-02
-5.533156544350359418e-02
5.289362678336484436e-02
5.565996155883718988e-01
4.780529945726654795e-01
2.639430126137152222e-01
-4.576579683037147461e-01
8.729546158930516775e-01
3.313268124205637211e-01
2.559503220478400731e-01
-6.338782441679813306e-01
-7.800417287287562118e-01
4.804118865480482281e-01
8.821863797029911858e-01
8.090746436750757553e-01
5.434745452517830699e-01
-6.994526726235528180e-01
-3.985871508473977087e-01
8.071899819835821610e-01
-8.112367070560644322e-02
-4.946810533483656513e-01
-5.013906636989269305e-01
-2.865520206651372970e-01
9.679373155347474889e-01
-6.277760772591931548e-01
6.075956030612992276e-01
-4.121829402687904320e-03
7.190705442400597835e-01
3.153296926642756848e-01
3.886646407463574260e-01
-6.204905621400520488e-01
-6.891147011591902682e-01
-3.631325183609623863e-01
4.290697489214418958e-01
6.915892692325846802e-01
-8.575544802378032294e-01
1.911611574410803094e-01
-5.859955790186570646e-01
6.242146874662535261e-02
8.834974568007034623e-01
-5.628885936569925086e-01
-8.139192209880781181e-01
-9.532272885598973566e-01
-3.096497836475631260e-01
3.196604361296675467e-01
-5.134560037021818069e-01
-2.032705364030789053e-01
-9.999312857285569400e-02
-1.167836525537302439e-01
6.598543770527587338e-01
2.612144124743420726e-02
9.827300922537665073e-01
-7.337102745661279180e-01
5.949782291709719839e-01
6.798306321298897004e-01
9.315859591167512388e-01
-3.361382533004486639e-02
-8.381447218530135856e-02
6.773679156553402692e-02
-7.685994898373806894e-01
