-4.509969358727823341e-01
1.443587873317906389e-01
5.917448028331024484e-02
7.129902528454495902e-03
-1.863070654534736137e-01
-9.788531650927628780e-02
3.660725036646349517e-01
8.938396345684845867e-02
-2.870306258184650572e-01
1.044033780652889876e-01
-5.210491288645386909e-01
4.101460254350366985e-01
2.110214897806770018e-01
1.443331194455325650e-01
1.239359553967741834e-01
-7.338060322604630925e-02
2.257374973438887045e-01
5.649062896510524956e-01
3.463048909149821220e-01
4.385703911804200716e-01
2.376789809361394001e-01
9.415973405540288554e-02
-2.733372713049019853e-01
2.174072040799323313e-01
8.968587052237447788e-02
-8.880546715643578004e-02
2.238193066396475250e-02
-8.423743337192661773e-01
-3.995546131278471247e-01
-4.042481057587608562e-01
-9.687221278669869151e-02
-2.849868403803405559e-01
-3.214748091718122591e-01
2.805826290863505657e-01
-1.178387248906870854e-01
6.247461830055972554e-01
5.229437685319870965e-01
3.263618900130279554e-01
2.334322971277593695e-01
2.391891802953506063e-01
-9.621639507752616227e-02
2.057471747692514175e-01
-2.904174598666767193e-01
-1.614928476681654346e-01
-3.499966013305198520e-01
5.901731191625469997e-02
-1.388950926912486117e-01
3.109552685023149188e-01
-1.181930737321470470e-01
4.096142302707294069e-01
3.134696039498495734e-01
-2.450548409666468974e-01
7.527238343788839048e-01
2.092725187010271992e-02
8.915954393170426318e-02
3.558404119686006672e-01
2.884099937279263060e-01
1.129831850705499130e-01
-5.072840576294566223e-02
5.688068771114305200e-01
1.319920998208239937e-01
-3.649716033125682130e-02
-8.044957876311839562e-02
-6.142087616406535777e-02
-2.031421917886891415e-02
1.214548855128222693e-01
6.969910581648182113e-01
-3.683813990748401879e-01
-3.839335996136487017e-01
7.703487253376909427e-01
6.894560772261334458e-01
-9.912110246342670239e-03
-8.955340266360664603e-02
3.306756362614224343e-02
2.483798936469961971e-01
4.441549182940100482e-01
2.543573346669120161e-01
-2.500070809940063699e-01
5.152748788871180929e-01
5.779308623635354136e-02
-1.203401136241228075e-01
3.101076171521972014e-01
-4.022157639031335163e-01
-4.394258757978722896e-01
-2.736765288293070003e-02
1.824662399783762989e-01
-3.662013090013946925e-01
3.898011824441586226e-01
-2.540948512621728494e-01
-1.687724967061499104e-01
-8.515598091019946358e-02
-3.935590773960573330e-01
4.720840808252096954e-01
9.260384865274771948e-03
7.267767022576707703e-01
-8.337814373590302086e-01
1.479315986816311934e-01
-4.260823340622453825e-01
-3.752610743241791003e-03
-2.740401058969479942e-01
3.245120887990962655e-03
6.052184494711974200e-02
-1.926216339568692926e-01
5.822900798269586842e-01
-3.842437747485116240e-01
1.756764739670133024e-01
-5.830129507364556485e-03
-2.923938030651183073e-01
-3.351661972309544213e-02
2.747448751033917946e-01
8.611739339723581410e-02
-3.530363180304995629e-01
2.304266494090586037e-01
4.456809584293432436e-01
1.558538725009852299e-01
2.122784229787388066e-01
2.325717626239073577e-01
4.342514414529797806e-01
-4.219744690599325221e-01
3.374906309466907395e-01
5.722660988779435520e-01
-6.320449524459657020e-01
-9.493601031354970132e-02
4.147146747876196970e-01
-5.321819105138000383e-01
-2.774009769827679439e-01
-2.787048284511928209e-02
-1.562307952723536175e-01
1.293999593712862328e-01
-5.750916045850436309e-02
3.778787420070369163e-01
-4.240900590158373507e-01
-2.483375869371295952e-01
2.365793937768213562e-01
-3.529792847438855130e-01
-4.880797467665936029e-01
-1.848523297943809596e-01
2.724380044593350814e-01
-4.413222726650845029e-03
-3.358668470707559806e-01
5.131894378519016309e-01
-1.962455250165139331e-01
-1.952832250251600177e-01
-2.789705649201193460e-01
-4.825853649093382325e-01
5.996839776090938656e-01
-3.390031882303268240e-01
-4.650401104706298333e-02
-3.753587304991568008e-01
2.531049855048110864e-01
6.105745118698886753e-02
-2.478647657571054486e-01
-1.963146197916930680e-01
5.784625111566921163e-02
-1.594506874031502153e-01
-3.657795374575771308e-01
1.837506890038062835e-01
-1.782742627562253768e-01
3.155763634008507679e-01
5.620717553765526286e-01
2.635010051078251481e-01
-2.175278267274716737e-01
-8.142401759673542627e-02
-2.406010373115201606e-01
-2.822599287876874086e-01
2.580551601674078710e-01
-2.446973240118018866e-01
3.715876644108354609e-01
-9.820651714401665289e-02
-1.759499580366205920e-03
-1.669374414008903407e-01
7.060014426536619092e-02
-3.742153122260051257e-01
-2.666701637839684613e-01
1.828657973781399604e-01
3.238090583465417782e-01
2.323505870132887841e-01
1.223133699705273164e-01
-2.621352715207873607e-01
2.774480096801039686e-01
6.668428959256880173e-01
-6.382368165618090838e-02
1.401198206336753960e-01
-7.480758327642720307e-01
-1.187070166038697583e-01
2.897990061547899843e-01
8.179542370498509296e-01
-3.970709577481175145e-01
-5.299278133197681262e-01
-7.641499414139705237e-01
-3.410088646930106160e-01
2.621152219803780103e-01
-8.172147263007848439e-01
-5.865951774446597211e-01
-1.750782405026058974e-01
-3.384360667996439420e-01
-6.113517626679496053e-02
2.539504574811111692e-01
-6.603266361623972847e-01
3.376729042277869519e-01
5.447400340559788168e-02
-1.480993627503984500e-01
-6.160746632780671195e-02
4.308131531269370762e-01
3.248094549554698673e-01
8.417698302560933099e-01
-1.991929332502324068e-01
-3.849771637470041918e-01
2.694090607171273355e-01
8.318433106575690017e-02
8.663311639804543995e-02
-1.095131589679372575e-02
-3.272787642335572844e-02
4.281791588362779954e-01
-3.055503871139046979e-01
-4.228596485495674795e-01
6.559946180528555826e-02
-1.774506624971173285e-01
4.208589996029458158e-01
1.151758928403898152e-02
6.248169978675838232e-01
1.040358067778020257e-01
-3.814175016070426305e-01
4.348803823334744245e-01
3.059547657390350728e-01
-1.532215742823407334e-01
3.126926945223361121e-01
3.376349180445464837e-01
9.967947879787215915e-02
-6.412210457402049979e-01
-2.920927384411984851e-01
-2.604033074334918818e-01
1.024339084707492908e-01
-2.723090154830502541e-01
-2.715726386236150258e-01
2.170456088845611198e-02
1.001939019072489723e-01
-4.730995728158317593e-01
-1.862390994236400588e-01
1.482378972125062422e-01
-7.605154597239708325e-01
-4.126485912571309367e-01
1.885825061035604489e-01
1.387456359611969614e-01
5.177878151454773370e-01
3.267994249982685284e-01
-1.536109869013660423e-03
1.879856999043577614e-01
9.097274198697091752e-02
-1.923027623167189795e-02
-5.170139181330076772e-01
-5.484516528273423175e-01
5.590880653436783865e-01
4.320351776112977271e-01
1.782488885716074500e-01
-4.484993693524181868e-01
6.189622035395833666e-02
-2.294911967484914717e-01
-1.188408331246221805e-01
-3.132644054684167734e-01
-3.474726403017689425e-01
2.441783510435665827e-01
-9.038839763145335715e-02
3.895090282227967049e-02
9.690468057987453032e-02
