5.970599835253607157e-01
3.866100954034603632e-01
-1.543871504963838515e-01
6.353972534729124266e-01
-5.670479916177952884e-01
-7.267234279171184141e-01
-6.876424675830956623e-01
1.865860523361995149e-01
8.568415019459891813e-01
5.856739222587845628e-01
6.866971644263251129e-01
3.763313654632840510e-01
-3.912660589144767442e-02
-2.005944169693143486e-01
-4.263178504895515086e-01
-9.325228410883448227e-01
-9.262678317404358097e-01
-2.173170179936356750e-01
5.464024416608792567e-01
3.941599235655599553e-01
-5.597976512518121339e-02
-2.355552236061415616e-01
-9.367734349885454836e-01
3.787915395283707465e-01
-9.250485534417545175e-01
-5.823567575253463247e-01
-3.991804159710630184e-01
3.056727783418877742e-01
9.971199887284043495e-01
8.758779842117450087e-01
-2.399960760514177061e-01
4.965809719723510707e-01
2.314578967802907172e-01
7.668015887771106875e-01
3.681412760364910497e-01
-2.150593810790113469e-01
-4.756626613992898100e-03
-1.069309475654485198e-01
7.918474655704448306e-01
-2.325376221429729107e-01
8.654540913369370703e-01
7.192268839004656300e-01
8.814755655417620961e-01
2.660180920848491670e-01
-3.869784326748433312e-01
-4.697333106351349041e-01
6.968861830675239233e-01
-6.399579483693667026e-01
4.664066643421660441e-01
7.690483402710313054e-01
9.620342403376944684e-01
-9.046804537698927007e-01
-2.298020434215737318e-01
2.180177836727776874e-01
-1.979695704161019698e-01
4.493722617252626783e-01
8.327784254219343651e-01
-1.880462186088698306e-01
-2.768463810511232470e-01
5.560399641960842576e-01
5.628418461082103086e-01
5.879580680716127716e-01
-6.540125151442688356e-02
2.067289024227700889e-01
-1.944612173118118736e-01
-9.039758280598517715e-01
1.767509091983596736e-01
7.132811018558113947e-01
2.763660109740799786e-01
2.161453294784048129e-01
7.410889783768452865e-01
-2.204477635879917852e-01
2.156326648824347103e-02
-1.999584487238577069e-01
6.517010938580169999e-01
5.366185753954786364e-01
3.360211537655601877e-01
7.119590924434058277e-01
-9.887567241696069154e-01
9.574541141045038728e-01
6.361972373504165557e-01
-5.984288225118656879e-01
1.404261954172423277e-01
1.838050880838790757e-01
-3.693158606945285971e-01
9.570201660580655023e-01
-7.450597712049977783e-01
2.985270292490915800e-02
-4.295184276810326551e-02
5.298027376474234718e-01
4.220839631511357215e-01
6.631241625614481272e-02
-3.981795833183596756e-01
-5.720311358617080622e-02
4.244511482843364991e-01
-3.062647799681228467e-01
2.692396800379743826e-01
4.596680667768981987e-01
1.825571284329341459e-01
-4.531267107802821048e-01
6.347664149496135000e-01
1.450816581565608221e-01
3.822503400784156291e-01
-1.630198951344115077e-01
-2.172084788149553081e-01
5.955411692903918031e-01
1.795758886257514675e-02
8.420167859821805489e-01
8.529328917140603927e-01
1.117569793202739525e-01
-4.650949272328384065e-01
2.894240472065467973e-01
-1.149019483733588753e-01
4.709936585598841763e-01
4.185647584216392048e-01
9.041087439086299415e-01
-4.262860848044629503e-01
1.919334201368982917e-02
9.774965847684478071e-01
-3.616085124822467911e-01
-5.454392531918583753e-01
5.909321276215770968e-01
-9.912702302916232000e-02
4.444724740975949384e-01
-2.375600315294401632e-01
-1.747946761294025819e-01
1.295398233676867683e-01
3.021757743786348538e-01
-6.757458258872526269e-01
8.521226484955402025e-01
-7.843239226893401472e-01
-2.178193739931568729e-01
7.507537402457880038e-01
7.834650927013580013e-01
4.173596028561556981e-01
-7.968607485215533082e-01
1.725634681061591902e-01
-4.515950342239449800e-01
4.114928920643556864e-02
-4.759453613258441962e-01
5.658597843165267260e-01
2.653827346940191845e-01
3.713509308538671672e-01
-8.798136517458561290e-01
-6.262291544449882785e-02
-6.544531927261736381e-01
-9.156121224630475730e-02
-8.135745623357129030e-01
-4.224804074556072209e-01
2.379391707903184550e-01
9.735774138052264437e-01
2.408884514960036860e-01
3.422211524147011907e-02
-8.899058654826919046e-02
-2.915660050974140383e-01
-9.787946559542226588e-01
-1.287440747446564338e-01
-1.225307869653686765e-01
-9.325977653216821484e-01
-7.951335076635546173e-01
-8.057908226675498664e-01
-1.711494799531687594e-01
-9.460722036216262509e-01
-8.270654494760687481e-01
-4.287851417491514994e-01
7.671100115666102948e-01
-2.492723783129127124e-01
3.722030099372508616e-01
2.629472008693487517e-01
-2.856336461956627826e-01
2.188565353944929015e-01
2.178071428905090645e-01
-6.721469690942969422e-01
3.151620341023375627e-01
5.753101058077469965e-01
8.867710785272575613e-02
6.089848992857664900e-01
-6.975676552164098432e-01
3.156421218752791802e-02
1.857788075781734438e-01
6.396057779610859750e-01
7.737719448613060713e-01
-9.361938465332366732e-01
-8.915573379678882748e-01
5.248054911479000939e-01
6.127475223870064713e-01
2.806276510302310179e-01
-6.684253427667643521e-01
7.876108202777452050e-01
-4.365926727285951436e-02
5.333789341038277509e-01
4.212945353792711956e-01
7.351841721789771356e-01
7.577677865793308598e-02
-3.109615573692035007e-01
6.284559342634901125e-01
6.182972578857603985e-02
-6.533089170939261336e-01
3.858528707138282332e-01
3.055657671223215299e-01
-6.137199494060587845e-01
-8.656810149002511778e-01
-9.355613091709313878e-01
5.610147776289675647e-02
-3.609805879265268747e-01
2.966050466944722963e-01
-3.741100088430087123e-01
4.364898185273626829e-01
-7.429795805109433715e-01
1.263707414832377918e-01
-1.079005770937599973e-01
4.387709165205790907e-01
1.006746105350231346e-02
-1.655303798222245160e-01
8.057059941664845848e-01
3.671661374295112079e-01
4.334912679662323853e-01
3.616223686507582524e-01
-1.275452890461847844e-02
-8.100644193675177185e-02
6.241326700870208910e-02
-7.322287950018475655e-01
-8.049383002241692342e-01
8.304221848474206968e-01
-5.749969596891950641e-01
2.741658992309827791e-01
-3.095251379375669742e-01
5.427646155641645542e-01
-7.444637212017173322e-01
-7.054725514966289079e-01
-4.634901789164505015e-01
-5.402744686080034331e-01
9.496682730187977484e-01
-8.172316894080817740e-01
7.347327258378182346e-01
-8.251036098005373187e-01
-5.079268332107658157e-01
6.176207889309988097e-01
-8.549731537483971078e-01
3.651824863729520310e-01
-5.848905583006989151e-01
9.479381589880455650e-01
-3.483739250553037348e-01
2.129343523149365147e-01
-5.765694338608162717e-01
-6.104735343664247083e-01
3.718790293516487377e-01
5.025896378978722545e-02
1.513855458100559215e-01
-9.655836527392480662e-02
-3.322590464248802444e-01
-4.881524296828940734e-01
-2.874611488760399070e-01
6.512291572357222780e-01
-5.664182295041606530e-01
3.122662727879907951e-01
5.498606662771576836e-01
-6.263627820965040893e-01
1.129838523177628673e-02
4.039469383373472944e-01
-2.355762166585877448e-01
-7.949475842268471926e-01
-9.377156736687408678e-01
6.947951126073821371e-01
-3.312128269646628098e-01
