3.192350504933675892e-01
3.626027732535672121e-01
1.018890910406132999e+00
-1.744697360498474126e+00
-1.767992590230428318e+00
1.063859741032411987e+00
-5.143447339301878696e-01
1.078161496839032729e+00
-1.923724787837886918e+00
1.483568411254507224e-02
-1.420216582023893892e+00
-1.308675489715396267e+00
1.586219807668650006e+00
-1.703023207342831746e+00
-1.462210095167346124e-02
3.142755215907555577e-01
2.598415900513652566e-01
-8.897942463344130637e-01
-3.854377761535011659e-01
8.688033069989209434e-01
-7.027713660698746700e-01
-1.321122063924722756e+00
-1.324193357323927733e+00
8.842897611788064216e-02
-1.834189868501246545e+00
-2.481676916963330981e-01
1.195699843786422800e+00
5.392549149939135367e-01
9.881712201245202998e-01
-1.280616485582033448e+00
-2.755142221611679432e-01
-1.002809077934364856e-01
-9.514087837544529247e-01
-2.105966325958341656e+00
-1.011038794765307003e+00
1.742388360888824206e+00
-1.921676207070386888e-01
-1.669884568694334215e-01
-1.700170836633963400e+00
6.387095566077654052e-01
5.983640935193295096e-01
4.419791922598260703e-01
3.439872042465418889e-01
8.072365054684435548e-02
-3.704229301418687781e-02
-9.280450726395104155e-01
-4.765030861178327637e-01
-2.308741835542387655e+00
-1.762413376812497878e+00
-5.827408894941465967e-01
-2.366071459776042385e+00
-8.723086668796864451e-01
1.113488811396222133e-01
2.071965199227514820e-01
-4.976937649420906662e-01
6.117315059732546523e-01
-6.993163491278013844e-01
-2.972893546346441207e-01
-7.130200052328685700e-01
7.375065089193824086e-01
-1.580031908192747636e+00
6.804762012202736354e-01
2.089898299532438608e-01
-3.965258920183679092e-01
9.284772108171537308e-01
-3.908894097397473399e-01
-1.197273038831232039e+00
-1.169797682593573945e-01
-5.555648401499069244e-01
-4.548867519392532088e-01
-1.379870521584660947e+00
6.624407260748643722e-03
7.583078282721042451e-02
6.665523900827818871e-02
-2.757643761256013959e-01
7.871673745470583183e-01
-5.500132340492768224e-01
-1.044664788661895383e+00
-1.072358658362772443e+00
6.740211739350665532e-01
-7.469455907716376908e-01
-1.574116622176674252e+00
-3.579535267141307764e-01
-1.285307241004624013e-01
6.527626411923027616e-01
2.031222644439103053e+00
1.270752449746687801e-03
5.446804599322971896e-01
-9.195187203280938970e-01
2.255092756455880088e-01
1.156284553686056871e+00
1.393638696193686410e-01
4.546404845590042987e-01
3.704970093797368413e-01
-9.803886338956524504e-01
-4.890905717582344492e-01
-4.680472133385897848e-01
-4.819672613975796160e-01
1.250720801410360128e+00
1.588673619845011986e+00
-8.062956167534878205e-01
-1.694050053189914751e+00
-9.809387905830967425e-01
1.478781724877266335e+00
-2.748419176029385236e-01
9.267371657996625878e-01
-9.518238223450891100e-01
1.636225484692804821e-02
5.313449215781225199e-01
1.374762190346363600e+00
5.467796359373370274e-01
-8.211004459004018763e-01
-1.398938225499339882e-01
-4.263743852859303018e-02
-5.045384681482887324e-01
-4.230877890531106744e-01
1.800843583544287974e+00
-4.428773694213580803e-01
-1.093155286586040997e+00
-3.954117731863884266e-01
-6.036299315458580894e-01
8.534691617104595007e-01
-3.165183819474631788e-02
1.937457992895789127e-01
7.068456455514562364e-01
1.821058593811635706e+00
1.894815064509264846e-01
6.881181014742537849e-02
-6.605549512373296572e-01
5.825377330326466652e-01
1.985220339431645220e+00
4.149027671315545507e-01
7.776351993823897857e-01
-5.946177223366205800e-01
-3.020666154437123274e-01
-1.675208415579657828e+00
-1.492903547508979689e-01
4.722705983283186776e-02
1.474291179793876250e-01
7.490712212271155579e-03
-7.746716223639414922e-01
7.098696051205382052e-01
-8.466967390604731580e-01
2.698519118064413580e-01
-1.244366088298862083e+00
-9.290405314640217682e-01
-1.699510412250320179e+00
-7.038215956121735006e-01
-1.088909296110088576e+00
1.246754160477114848e+00
5.540978954599715678e-01
8.494796016197566635e-01
1.692325360200171158e-01
7.415289593835652227e-01
-3.787151337125916895e-01
5.599525145458916775e-01
-7.887695592140611112e-01
-9.740550388610491606e-01
3.438093417815966113e-01
7.392960492395207750e-02
4.526463635498489957e-01
5.137327117884241678e-01
-1.214029778654885927e-01
-5.481510469712255196e-01
-3.521406653813545784e-01
3.511507456025519391e-01
3.692266072753703776e-01
7.027644559212907760e-01
-6.552590880435307241e-01
-7.954753340079268042e-01
1.781785314168565559e+00
1.332132110016144066e+00
-1.535474453069364698e+00
-8.318920125904517571e-01
2.910712643685688383e-01
2.062822256874243809e+00
6.317933210851777170e-01
2.380244062527187288e-01
3.606961137359123715e-01
-5.238029251225087557e-02
1.353873131178707778e-01
-3.155968346554421933e-01
-6.327130953990696138e-01
-3.872528852371298624e-02
6.796006083933030517e-01
5.373274314382574524e-01
-7.265828057771830384e-01
1.674260992002071458e+00
-1.701121587989670725e-01
-1.268587055437145616e-01
-2.512713340289248753e-01
2.397611775345201146e-01
-9.840083621586208362e-02
1.040303687757600182e+00
-7.648576609294799322e-01
1.032604027228225252e-01
9.045913922548975972e-01
-3.659761376276219336e-01
3.505853988595452608e-01
-6.298699588706768715e-01
-4.994078175007047316e-01
6.131355764316565038e-01
3.586337731639701598e-01
-5.084472452630706130e-01
-1.021340738127801684e-01
-1.505442830151712430e+00
3.566551998664427847e-01
-1.526685604952048303e-01
1.797146754255155576e+00
-5.582025350626776961e-01
-7.470880471421399438e-01
-1.713982420057629907e+00
-9.812873350620834323e-01
-7.131364902146556384e-01
1.391730683801689350e-01
2.193397806845459319e-01
-5.365955922334273431e-01
1.283303535508907578e-03
1.327760420912546424e+00
1.800327734901236432e-01
1.996880320696972355e-01
1.403051115320505637e+00
8.619130774128649364e-01
1.553232666600927292e+00
6.790900187575934499e-01
6.978889655926436841e-01
-1.286476658433526321e+00
1.366278804886760012e+00
-1.707554802194282129e-01
-1.105963943288087670e+00
-7.948810446934823082e-02
-4.564438718725545296e-01
-3.148280552608922478e-01
-9.588534104284263115e-01
-8.851856754259618265e-02
1.232146507868853380e+00
8.595180419362445923e-01
-1.237920386648520832e-01
6.558851886124344999e-02
-1.207940262887430505e+00
-9.380586752364834524e-01
5.811894384073017505e-01
1.308697693073091139e+00
1.626236258051340755e+00
-2.168862496477465818e-01
-2.497415860191842529e-01
1.847088362753067647e-01
2.278103427860528551e+00
-7.212028606678115850e-01
9.838479559042874190e-01
-6.293604034891647769e-01
1.051009285550945416e+00
-1.443091723121463943e+00
5.704312938688205215e-02
5.070869125668867605e-01
9.174127285350760497e-01
-9.361718838375209240e-01
-9.154163755223243548e-02
-1.052883753483512264e-01
-1.112605504916291288e+00
-7.775536381008558706e-01
5.757022554299364714e-01
-2.157032923092094545e-01
9.286734074758358215e-01
8.086263138115118432e-02
