3.759100257458365957e-01
1.228134445724406998e-01
-9.204271039774322705e-02
6.574499142474576896e-01
2.876680816630056703e-01
-1.214197693006073386e+00
-2.388609058498037396e-01
1.131121290236322796e+00
-1.735338251597572379e-01
-6.746943791890603892e-01
2.643020862222671408e-01
1.019017952298944873e+00
-5.130211382755274219e-01
-3.027092328221914208e-01
-3.953751068877149333e-01
2.634889394189429690e-01
4.126091070865472304e-02
-3.956391596202099015e-01
7.491872771955002119e-02
5.847553903571421907e-01
-2.177156639417063833e-01
4.025083118086818235e-02
-1.471337854835377268e+00
2.844317366167437022e-01
-2.185361091911298959e-01
-1.562659480671691747e-01
5.294274436383816784e-01
-1.388987261375315418e-01
5.901810680130398223e-01
5.976546367464939946e-01
-3.499697338675464842e-01
2.144973529930384870e-01
-7.457234811218893533e-01
8.340592622212071872e-01
2.918981612690196847e-02
-4.302068432031782574e-01
1.751483816096332191e+00
-1.004502501613186716e-01
5.211705359730673948e-01
8.969188361456804648e-01
6.299642435984629252e-01
-3.840247072468027101e-01
-9.087376010714132146e-02
7.165588285350750486e-03
7.872088923057032339e-01
4.362155450074742258e-02
7.763173467070632050e-01
3.574031363931899907e-01
1.181885347846012846e-01
-8.006543776695532744e-01
-4.583183943736214849e-01
1.062226153288325481e+00
-3.912969478549221947e-01
1.916066732444786647e-01
2.401330067527536194e-01
-2.791489732311184246e-01
1.078031764878846083e-01
-1.022637412598092821e+00
4.477270036046666624e-01
-3.453117433080991061e-01
1.061273286756420076e+00
6.461869107595025197e-01
-5.042373906264241423e-01
-8.827306420071490134e-01
-6.623210453832037437e-02
5.908561932514585502e-01
1.628997908007502105e+00
3.446378067814084289e-01
-8.397352770218839968e-01
4.099705828319553103e-01
-7.234186513814265806e-01
-2.471340205848354676e-01
-1.990747937436025128e-01
3.578496557167940018e-02
6.484843861409467225e-01
-5.572038085305186517e-01
7.173319139879286155e-01
-6.523598341093816977e-01
-4.579088257800079664e-01
-4.541627510312100102e-01
-5.057990634135406394e-02
3.820019188369915275e-01
-1.193662599251867906e-01
-3.677154737623051783e-01
5.367742678170424053e-01
-1.235436027310491403e+00
9.820387827585158602e-02
-1.292134449328690982e-01
-6.854044684602289550e-01
-6.927868667502123240e-03
-6.851552363027727521e-01
-8.973777642364524354e-01
8.957807270962587776e-01
3.324742158078594634e-02
1.403180452363808728e+00
-9.550872315094567355e-01
-7.842857529193115740e-01
3.486845339559988544e-01
1.324769107246064781e+00
4.295074518263451990e-01
-1.154015624519350913e+00
1.774863427410912076e-01
-1.055200193476497628e+00
-3.754186666310446729e-02
4.269328422778962961e-01
6.026727765973278750e-01
1.291715425516969828e+00
-8.033680980050788012e-01
-3.076579543633453651e-02
1.987611412563629054e-01
-2.048169494531646428e-01
-7.544302184515649934e-01
2.196633030774374634e-02
1.817758868923837312e+00
-2.369087089717614170e-01
4.731443258319403822e-01
-5.986370621187095953e-01
-3.128534328577026180e-01
3.687293213156728755e-01
-2.164289810446697604e-01
-1.425689724262809988e-01
-1.134438657898074743e+00
6.232281581697353134e-01
7.178607929471789717e-01
7.560685733358616378e-01
7.652606105697631333e-01
-6.120440054262504814e-01
-1.800693519106262852e-01
1.687214036381969040e-01
4.524962258601282761e-01
-1.561350395870277019e+00
6.181459268070309543e-01
-1.650572705829834730e-01
-6.217928636490847039e-01
-5.556097821422872896e-02
-1.097717089283626546e+00
-1.913510662185488320e-01
-9.601126223855420416e-02
-4.998761311933274110e-01
4.823250632306372854e-01
-1.132828353196139615e+00
-7.645993217773873196e-01
-2.422664772495217167e-01
5.018075203496529246e-01
3.808183844230516035e-01
-1.271610717903859822e+00
-1.729591482298832583e-01
6.959357590949868388e-01
-2.891494405074991336e-01
-6.239848929711947489e-01
-6.635477045412813135e-02
5.788490285303212746e-01
-8.489457269898044445e-02
2.237537813430180433e-01
-6.833520738748047885e-01
3.762915864944124666e-01
1.024016573644505268e+00
1.224410301590842520e+00
-6.971616567734666425e-01
3.110584607174212146e-01
1.396341304229831992e-01
-4.163535705782478447e-02
7.255660381986067664e-01
-6.160569662643833322e-01
-8.851834645823061232e-01
9.143343337901936874e-01
-3.391236876001694212e-01
-4.452948816326074422e-02
3.273568122711654760e-01
6.575361575093201516e-01
8.902708867462096887e-01
-1.101883641797152258e-02
4.756249430433623915e-01
-9.247487492455520597e-01
-5.380518689276941879e-01
9.449713594164617092e-01
9.735733929096189732e-01
-1.094395283441476074e-01
8.173309614149191216e-01
2.723895565113599870e-01
1.462212086086315532e-01
9.210141465548016271e-02
8.134483308724688166e-01
5.338486664272806825e-01
-1.102596576368097825e+00
-4.109769385106873951e-01
-1.092100634383994379e-01
9.282723318460056605e-02
-3.791375652454739842e-01
4.741789529558715355e-02
-9.189788491215870880e-02
-1.404735857204365335e+00
4.746863132508037930e-01
3.884642102615600834e-01
-1.184354023367938824e+00
-4.607586442960575485e-02
2.120881023907358887e-01
-8.705553600744588838e-01
-3.103129081483416152e-01
3.976672387287921717e-01
4.173638977236955316e-01
1.495697645800422859e-01
-9.972346539683979438e-02
-5.362607934614543881e-01
-3.376243466480406408e-01
6.636374354807381692e-01
-9.382707852507016222e-01
5.394323905179606582e-01
-3.562750429712141509e-01
6.744117182827743529e-01
-1.403145525287440520e+00
1.685234559637450169e-01
-2.777869744271285746e-01
7.343132055595852359e-01
3.673190901005543574e-01
4.349716163544788960e-01
-8.026566394839308449e-01
1.306841141182468746e-02
-7.776184376623479499e-02
-3.114882159548220120e-01
-8.235046834480403977e-01
-1.132919297493009819e-01
-3.232139399948563141e-01
2.268805420097783632e-01
-4.522077737280941201e-01
-8.014421729880549794e-01
-3.996149459672204002e-02
8.776615545327876022e-01
1.504895032636679675e+00
-1.192002953991865510e+00
2.336467013668260539e-01
6.647559717831894033e-02
-2.344744005509635798e-01
7.760967134161048664e-01
4.846038723968740802e-01
-4.548655833431664020e-01
-9.656612790935087398e-01
4.532543408745416946e-01
-1.050287511464208068e+00
5.949768319168160513e-01
-3.232242208095185143e-01
5.169611578208962305e-02
-1.818411733911876049e-01
-5.611629931673937088e-01
-3.192323237202874808e-01
-1.118642403544701569e+00
-6.560777581609945619e-01
1.571942971534839195e+00
5.349524545227883898e-01
-8.699089111549844766e-01
-1.652278178574030809e+00
-3.426157367014063815e-01
3.292550752995521135e-01
2.237777039263051937e-01
-1.208297237310825167e+00
-9.675863764433247916e-01
3.685378891742041585e-01
1.552372301672185484e-01
-3.659577943759159124e-01
3.601412419381523899e-01
-3.784108506883786527e-01
5.562544075862735360e-01
2.923278822911731245e-01
7.071558121158197374e-02
8.195162192555568437e-01
