5.792172404957007803e-01
-4.425227968588782979e-01
7.374145539967029706e-01
7.673644616025996346e-01
1.810148233722734812e-01
6.610519173711366658e-01
-3.839691589240625813e-01
6.066639653276806321e-02
-5.746331760169625102e-01
4.054097809158239141e-01
-2.387106709881261501e-01
-8.138485553162242425e-01
3.302406979007441734e-01
-2.114147778684931644e-01
6.183715174925841218e-02
-7.505989884014956370e-01
9.350607680737645921e-01
-9.001821728230929853e-01
6.648177060170388231e-01
5.242376724540818156e-01
-9.034346775347730230e-01
-7.072170692397730107e-01
7.203710801342018133e-01
3.898349387570432256e-01
2.408870110170400203e-01
7.897715109718863591e-01
-6.838573473849363094e-01
1.035898356875672999e-01
3.400753235753646297e-01
8.676440996218273138e-01
-5.636101656816083771e-01
-1.300663960115642226e-01
5.495191060620419066e-02
-8.020060019141515006e-01
-5.878690065143430399e-01
9.623888946000709321e-01
6.186305361185191476e-01
-5.252775535027693898e-01
-4.603425871580060225e-01
5.129158941713958253e-01
6.282430650081365364e-01
5.268358886085859893e-01
8.979380603557229890e-01
-2.672143136785816164e-01
5.444977306999387867e-01
5.864502356201561906e-01
8.271025992908966895e-01
3.175074472673196091e-01
-2.870881763125487929e-01
1.191926835717684874e-01
-8.173451156117061966e-01
-4.618281064310574280e-01
3.931415524728016919e-01
-4.414384265915183292e-02
-8.869393322302501215e-01
6.371149927544976777e-01
-6.095408084607469856e-01
-8.028229556270642941e-01
-5.591796747421180491e-01
7.355350270446616712e-01
-1.416830493593630447e-01
-6.864188328764357916e-01
5.847061311657242300e-01
-4.716064541728088866e-01
-4.105743320304580113e-01
-9.877719093086543278e-01
-9.013611468316891084e-01
4.057748519597568215e-01
7.102290449600876521e-01
-1.600542948129342058e-01
-5.533031101727436951e-01
-5.446519920129917480e-01
-9.795816927766223259e-01
6.500885919901771004e-01
6.636422483154325036e-03
-2.360571945945186823e-01
1.038582444721638520e-01
-2.397008366720474459e-01
8.317006281295360459e-01
3.206580681034434388e-01
-5.470593696451087062e-02
6.811694357666069344e-01
-6.036248946239071156e-01
5.307497740971105493e-01
1.655558367987004509e-01
2.895290708585078754e-01
-3.827664834219131063e-01
-5.732957902658875060e-01
-3.644285859412743633e-01
-1.465624320105096690e-01
8.424844543829381749e-01
2.020946660817508622e-01
1.607103699029310828e-01
-9.305410071154893714e-01
5.738242185027084830e-01
5.944391192305331639e-01
-6.035731526211938203e-01
-9.648575724471637471e-01
-6.701854856499065427e-01
4.662584180878976969e-01
-9.728908725054969953e-01
-5.901004551339290582e-01
-1.971831108771653351e-01
-6.398746468951428401e-01
1.421882049327019004e-01
-4.199476321340180895e-01
5.172369474849958237e-02
4.874430132159883744e-01
-3.745935118206888959e-02
1.357736676167282663e-01
-2.657790561587569655e-01
4.762329134174805301e-01
9.012403830281545680e-01
-7.621522135963869626e-01
-5.206238343521687462e-01
-8.068233226543897185e-01
6.089485989438263580e-01
-6.467312820623609682e-01
6.908718582914090689e-01
6.942367277207828202e-01
4.333715524362384830e-01
-1.940249325868959041e-01
4.141486371071101402e-02
-4.619373395842440999e-01
-7.430357010398809248e-01
2.145543515733057127e-01
-8.720158594390008400e-01
-8.163661652013947112e-01
8.480565181700852051e-01
-6.840501228466253636e-01
-7.268625093052587527e-01
-1.518395509889869377e-01
3.054339540938055819e-02
-5.810458760871461958e-01
5.534765390479727820e-01
-7.285733456420475651e-01
-3.583154699590553882e-01
-8.559136694930957745e-02
2.324287777762021889e-01
5.540986265964686908e-01
-8.984716323634289736e-03
5.331408896861806745e-01
-4.310033437206239881e-02
-5.493151692840219091e-01
8.777977278422521845e-01
5.576128046844461839e-01
2.668182283930020660e-02
-7.689564423781609648e-01
-7.994335158776970651e-01
1.105867545048702105e-01
6.573129086187810000e-01
2.154006028179071830e-01
-9.117480108296369679e-01
6.351549841136661101e-02
2.373803464379296013e-01
2.121216375087853212e-01
-7.787435433281792996e-01
6.660189082948548833e-01
2.473026395052226878e-01
4.495872209063449532e-01
7.903036394525506658e-01
-9.035743207696320667e-01
-8.424871354079335184e-01
5.593095740783282643e-01
4.006719327687557897e-01
-5.323357379048785365e-01
1.146030576788821254e-01
7.757627966451026147e-01
2.143638087594488262e-01
-6.278453568553481468e-01
-6.383726556492559379e-01
8.881085035395221983e-01
-8.161637186770320795e-02
9.834510655602113349e-01
7.037588595487671572e-01
2.889031059353610598e-01
-3.332699199571775850e-02
2.197798782745850055e-01
-4.096419102513038091e-01
-5.280455435380615459e-01
1.793869651038517699e-01
-6.520960152373911356e-03
-8.844214930846805434e-01
-4.102393780325899186e-01
4.421957542245387174e-01
-2.851835890837659537e-01
-7.180154367238780200e-01
6.278658048626097887e-01
2.708809414497175272e-01
-9.633960086135817669e-02
5.980490270061027402e-01
9.747898541582298293e-01
2.665899036014907075e-02
-3.444882570687415324e-01
-6.961706543668702007e-01
5.077178136548374798e-01
-5.291674795455734159e-01
-7.238189801808108115e-01
6.142928774261124936e-01
3.786559518718439765e-01
2.047117740729933466e-01
-1.899124411670478629e-01
5.127876775130673082e-01
5.065760941738550738e-01
7.730502271150079263e-01
1.638449840928495327e-01
-5.724718594419562212e-01
9.286781995629189712e-01
-4.098180616093838324e-02
6.108689717287574261e-02
-9.243636750487913556e-01
1.762985443503197747e-01
9.641763007545909314e-01
7.623846937833718140e-01
9.812980143067540073e-01
-1.817408727010156877e-01
-1.338510680130731156e-01
8.199470839167575242e-01
-7.970206539508588595e-01
8.088548037653755518e-01
-6.915218684031947394e-01
-9.394688672241522376e-01
-8.476202993815176168e-01
-6.683221840549968817e-01
9.558806300876279138e-01
-4.427989408966215290e-01
-7.312478961371084996e-01
-2.398491568298632970e-02
-8.356381773917673783e-01
-3.707681899645838275e-01
4.290891160177694452e-01
1.668739003579877700e-01
-2.403592008770560895e-01
-9.769154359966047974e-01
-6.490358627039887196e-01
-3.405019037352787770e-01
-7.547155633090161242e-01
-7.224616391494409484e-01
6.262839343817667714e-01
1.476486057989518930e-01
3.341677928466635361e-01
-1.609725238940216130e-01
-1.364977128597995026e-01
2.692686593274555840e-01
-9.921314153916269696e-01
-5.202618205778439808e-01
4.315650453937005526e-01
-7.513756514833000999e-01
-8.260842086274893248e-01
-5.248885263245985922e-01
-4.299111137971900476e-01
-6.978218565782798866e-01
8.018467167390741501e-01
7.520309874383142024e-01
-4.427312777961400769e-01
-6.061191234320313370e-01
-9.595009267082910132e-01
1.723300421604914145e-01
4.613905362818346845e-01
6.478131138089859853e-02
7.515654358439007865e-01
-4.420418345244994107e-01
-5.170436763534449476e-01
1.167253590748986714e-01
8.424653930244740963e-02
