-5.720517423253956846e-01
-9.799994076407858579e-01
-3.174942543505141490e-01
7.461512706205786216e-02
-6.478554484240917066e-01
1.499875375856802862e-01
3.494758413408174391e-01
6.015844725546126703e-02
-2.229004527052536044e-01
2.974689643263113137e-01
-6.727964869672293791e-01
2.464969385596704754e-01
2.779129194639076150e-01
9.106885879463757494e-01
4.041601226951236914e-01
-2.172277173139198769e-01
9.703386989763156389e-01
-6.279006639932795952e-01
-5.369107309718517129e-01
1.936504352857191247e-01
-5.929466061016306355e-01
6.213842338538597687e-01
2.585441791951659241e-01
-2.446562897912449852e-01
7.729962898925759607e-01
4.444226310011543113e-01
9.194861284009681057e-01
-8.115276093124301759e-02
-4.201761649610364913e-01
6.136691507824143521e-01
2.447214264385242366e-01
-5.900491614572589416e-01
1.441310331587497551e-01
-1.300995706777468008e-01
8.109296684766504892e-01
7.403686924896399901e-01
-7.172169426056300701e-01
-4.505263397570979933e-02
-1.052146487249585594e-01
-1.757974306254075358e-01
-5.874483285325728943e-01
7.107607149464367780e-02
2.415591959569811653e-01
-8.385671643694996291e-01
-9.481781377610898343e-01
7.870601988047511988e-01
-2.617848299438567672e-01
-5.903427766963498247e-01
5.481488416928341767e-01
-1.932681576153172376e-01
-5.441004038532957221e-01
-8.041636910047043063e-01
-4.304381609762837346e-01
-4.860367190282075534e-01
7.955754322759556185e-01
1.131853758044518710e-01
-1.610750093017674356e-01
-8.137088543528681051e-02
-4.346173654091127769e-01
5.781293920052337221e-01
7.221856427517701071e-01
2.972643713554978806e-01
9.437652998779979541e-01
4.800575677892191528e-01
-8.672786830348282461e-01
1.418092178495358180e-01
-8.816064759024413444e-01
-3.704564956764051509e-01
-2.388657614831650733e-01
8.925400728314942800e-01
-9.346101602559184762e-01
3.097201161724949525e-01
-5.659927422228747673e-01
-3.608187393897646089e-01
-4.529662048857336920e-01
-9.119925177749792500e-01
2.219848632733250060e-01
5.712688706093422830e-01
4.263947981860671810e-01
6.539954038469562025e-01
8.042645484812704915e-02
1.684675633365178005e-01
3.538841389121847314e-01
7.464323410163467010e-01
-9.500708148679173348e-01
7.924969369726488910e-01
7.441764654873475049e-01
7.832848308069739751e-01
-5.255379028451883094e-01
9.202117131721898602e-02
-3.370013129367475102e-01
-1.872345421598058390e-01
9.087802091033139185e-01
-4.296824833130714616e-01
-9.507878798434696854e-01
1.060938760124738867e-01
-6.251377726211322372e-01
2.310586498147242374e-01
-3.522944255855453566e-01
-4.766013267269733067e-01
8.415895109455389100e-01
9.002280485288753908e-01
-1.809721918548199415e-01
3.693455503951676988e-01
-7.489135562621342945e-01
-7.370803754377346362e-01
5.437264793091898252e-01
2.489858066069514653e-01
-9.789487313071210117e-01
3.317536454776730537e-01
-2.312300239512845579e-01
5.665422151637014014e-01
4.047820189241781996e-01
-7.960106914987112869e-01
-8.352074515196603599e-01
-5.037909021920838892e-01
-9.755507865425718794e-01
-9.608690373506023619e-02
-2.854614249349374244e-01
4.141457005994799712e-01
-8.199738339205495663e-01
9.074345032655508625e-01
-8.503024964548682174e-01
5.948799834722047208e-01
-1.004399104039670476e-01
-6.481108101181776160e-01
6.987206176724407580e-01
-8.961755788440939341e-03
4.295920479532977510e-03
-9.477534060926657844e-01
9.090216845361658304e-01
-1.584089828896311225e-01
-7.624700171829623674e-01
-8.582780737955144623e-01
-9.111734025290152417e-01
6.866908055292419988e-02
7.011445728111966869e-01
-3.212637354141825163e-01
-2.813413087353455744e-02
2.134851028944184659e-01
6.434066446198709599e-01
-4.205241896132838608e-01
9.300813306368926892e-01
-7.506569199115700197e-01
-4.402630739386463876e-01
-8.469984147143563291e-01
6.870723249638013286e-01
-3.232681449165841769e-01
-7.115802298383835378e-01
-1.276226024772628698e-01
8.342393678163404491e-01
-4.668383811257570404e-01
-6.757501713504312502e-01
-8.299589890664582637e-01
1.512431329457115670e-01
-3.283030713185142169e-02
9.308081491574213828e-01
5.964307176503236274e-01
-4.149994498701154999e-01
9.215611762377424743e-01
-3.604605065345027892e-01
-1.346917040794164411e-01
7.797854866744342583e-01
-7.472613758976083265e-01
-4.517622913820817931e-01
-2.027139031986036066e-02
-2.520603016392510831e-01
-6.062030054967770809e-02
9.863574893815536537e-01
-9.409420394427692180e-01
-2.486121265323451013e-01
7.599610242283327821e-02
-5.349870446909712474e-01
-4.075972971912422693e-03
1.545101237149726359e-01
-1.175309856476165482e-01
-3.575962101492624612e-01
-6.649236481740830040e-01
-8.362253984026832843e-01
-7.511038302247792231e-01
-5.204242126446414485e-01
2.161506939642854341e-02
-4.668802676475745095e-01
6.848581471992929437e-01
1.825447418074914729e-01
-9.308028582580858412e-01
-5.370263075527681451e-03
6.593864340312494132e-01
-6.492772670579849414e-01
-6.008441223074116877e-01
-8.868074229501174965e-01
-7.135222901943372165e-01
7.119737168598949673e-02
-4.374485077884249229e-01
2.089678255630427195e-01
-6.814102752572845922e-01
-1.614597480614581304e-01
2.858221186702947225e-01
1.942911091881596164e-01
4.876763286335452641e-01
3.894542293241847197e-01
4.742586986496781787e-01
-8.644381464974928431e-01
2.589605139055433103e-01
-7.896477556751737570e-01
4.866167012764390787e-01
5.087391201954805098e-02
6.500481235717472384e-01
8.543338602833641104e-01
-3.746643981464965467e-01
-5.348321861006861688e-01
-6.157551962346103913e-01
-2.199637899204143210e-01
8.755551663925831285e-01
7.431829474906430644e-01
9.567683064894971778e-02
-1.221975896508518122e-01
-2.685493806613183931e-01
-2.134180285777620423e-01
6.135850262251558718e-01
5.548025766401298853e-02
3.337100171614966193e-01
6.213084812396225676e-01
6.106829963210553824e-01
-5.773216072549363087e-01
-7.809177790270942499e-01
-7.265249330394558669e-01
6.986357866285013429e-01
4.857246565362804969e-01
2.562331818187735255e-01
8.737023879445922070e-01
-3.594798807646093497e-01
1.997022069244269726e-01
-3.129672482557537272e-01
-1.718962169087701053e-01
3.526390998950867939e-02
5.211863490367785179e-01
9.861896934318603591e-02
-7.060284454431482448e-01
7.610037455908247317e-02
7.138667960402738100e-01
9.385306165424727176e-01
-9.369180005004453804e-01
7.905785872869153241e-01
-6.961526782597964313e-01
-2.362484711368928458e-01
-1.616367487235466083e-01
-7.543335306345946289e-01
-1.779558902512801133e-02
-3.211538778616800371e-01
-4.663156846269540523e-01
6.410962123315111505e-01
7.671922714743821814e-01
5.294826097764862016e-01
7.399941358141197689e-01
4.034921136718050416e-01
7.680929584744304872e-01
6.864282548778335435e-01
-7.635405549120495294e-01
-3.779760494806807536e-01
-9.594876296802585802e-01
-6.295371925192454476e-01
-1.564428098801520228e-01
-4.537328758430225761e-01
-7.145351507321118234e-02
