-1.267745928946819589e-01
3.153193890348993111e-01
-1.094899561209894956e-01
-3.855048781447558554e-02
-2.305368381329237770e-01
1.510843859863553185e-03
-2.754570668452841486e-01
2.672113987190457562e-01
1.942919510133711003e-01
2.349517453246460497e-01
-1.605424281278997889e-01
-1.621958644088880852e-01
1.653038445073087004e-01
9.461489785291482546e-02
1.289248408710791938e-01
4.224095026054327379e-02
-1.593833000520327170e-01
4.152710411473546637e-03
2.600981960954274474e-01
-2.823311383378472317e-01
7.233417962046864713e-02
1.963029141500222674e-01
1.796677582939405493e-01
-3.152835912563957121e-01
9.974066343372936516e-02
2.554695980347933548e-01
-2.493726061354870627e-01
3.093870823200842862e-02
3.545644478331896887e-01
3.612400561423200207e-01
7.941361026118036459e-02
9.422582593870340584e-02
5.651056284352203724e-02
-1.906956535759264382e-01
-1.408784566996289789e-01
1.841384283707767078e-01
1.245485489477080321e-01
3.379347176288483579e-01
-2.535522859604892876e-01
-9.724348595737991596e-02
-1.342919361880378082e-01
-8.245368982775054534e-02
2.010435174109480305e-02
1.596779728252354924e-01
-5.728011674119599661e-01
3.357548274155996992e-01
-2.969701421860622415e-02
-2.665266230733666086e-01
4.534833507773193551e-02
-2.091198800501344046e-01
-5.539810250314458617e-01
-2.950914918626845185e-01
3.604848343469818639e-01
2.858252611500342044e-01
-2.509248650008596981e-01
-1.998690216137648246e-01
-3.971361117371983301e-02
-2.023548785982104414e-01
1.057953302936834143e-02
-2.019117552065806676e-01
-2.940959903794572172e-01
-1.006138206317086226e-01
-2.443748919199396630e-01
-1.933530158483419414e-02
-2.143361897008582706e-01
-1.017485115577280025e-01
3.039173783729773315e-01
-2.316201000858574832e-01
3.498487695792591723e-03
5.647739709071933692e-03
1.627346558448022618e-01
-2.402054600298806630e-01
2.742710683062231092e-01
1.347051206189720518e-01
-2.567928340894302108e-01
-3.763949985409546090e-02
1.030076098116489980e-01
-2.056283522983544665e-01
-1.515335966990281336e-01
-8.348028343691556163e-02
-2.397681717644474242e-01
-8.232246900902975839e-02
-1.610344880942705670e-01
3.634181726891556191e-02
-1.365752139242267793e-01
-1.978222411235038558e-01
-5.186261343220450321e-02
5.343581835662161023e-03
-3.390077445355355046e-01
1.092674762410689032e-01
3.557830545642192560e-02
-5.287564456950044622e-02
-1.364390363200443934e-01
-5.857318564005517536e-02
1.848295926390086663e-01
3.462817856997013055e-01
-1.559244800660593566e-01
6.803322389357686906e-02
1.320598158271255873e-01
-4.103574053836103741e-01
-3.536487758142575211e-01
-4.238109354006315277e-01
1.506737469030009213e-01
4.024830210604763425e-01
-7.430731177517359287e-02
1.527834949345686089e-01
2.024094640530627320e-01
3.778417339393578406e-02
7.928688622908172667e-03
3.153778905206477412e-01
2.171027937570822464e-01
2.085935271783439515e-01
-2.864209038779985117e-01
5.608842179908762882e-02
-5.933517543188032706e-02
3.496682715615777315e-02
-6.616481408667934661e-02
-2.564934208348133571e-01
-5.385095043029722306e-02
-2.924436461702721868e-01
-2.316868053632336610e-01
1.779199769504405393e-01
3.003100397137494215e-01
1.901749144402974656e-01
3.189707189235070905e-01
7.617639114336574591e-02
-2.361170968511760657e-02
-2.039451834859703772e-01
-3.304714581740565427e-01
1.801143113756664693e-01
4.596146399131466054e-01
-2.629281456112878557e-01
3.881105560327129389e-01
-5.030014484833698896e-02
-1.724586652544183585e-01
1.829899476710354911e-01
2.590948593987534854e-01
1.051395539918558442e-01
-9.730200485697640400e-02
3.267776471205331990e-01
-1.849782572218402477e-01
1.016734055563306427e-01
3.782471133425057558e-02
-5.747636242170517384e-01
-5.749009009227617345e-02
4.287991102884448902e-03
-9.331484774258370918e-02
2.840010273710031341e-01
-2.448962577555071907e-01
-1.605169662853474510e-01
-5.522228904235088054e-02
4.227248967673989943e-01
1.335150897683406446e-01
2.170043760868380911e-01
-5.261469512308739743e-02
-2.987066332292077631e-01
-1.659290589391729520e-01
-2.893481008151430750e-02
-1.957490317552524339e-01
1.699043752722018963e-01
7.157315783726889147e-02
1.542371806017593938e-01
3.510014772884496037e-01
-4.449926949088616607e-02
-5.957695574813458989e-02
2.198397462790432633e-01
-1.497811781519894914e-01
3.741224474478051509e-01
1.715745662690623674e-01
1.630903980151641730e-01
2.486247494747765574e-01
-2.845282549664654992e-01
-2.190207122063712528e-02
3.729427650591721766e-01
7.714079204285445579e-02
-8.375574379278515058e-02
-4.466311817600754908e-01
-3.333818504825504236e-01
8.765485423149979582e-02
1.685823980346856654e-01
1.128512308012787624e-01
-1.517847018819307725e-01
-2.271456388629970735e-02
2.857787494416677010e-01
-1.410561959009257460e-01
3.965842755403935493e-01
1.206839923332659048e-01
1.691884396842298632e-01
1.481879231939864372e-01
-5.105864308062937340e-01
3.977195038599222465e-02
3.008548360534145372e-02
-1.950453721619203606e-01
2.306788195266023522e-01
-3.250848867797053732e-01
1.250236529459182733e-01
2.205591313400484532e-01
-2.669898599894458546e-01
-7.900745347096757576e-02
-1.278002550290532890e-01
2.587534110075303539e-01
-6.705264990162920768e-02
-8.842743355908491698e-02
1.976173419332890036e-01
-1.511705275843031604e-01
-1.674203800602563075e-01
-3.099994670511742045e-01
-1.097671874121065455e-01
-1.998881494610336707e-01
-1.307812391733102764e-02
4.447850180103991857e-02
1.270807577172073932e-01
-7.645475333076871827e-02
7.424267784611857102e-02
-3.269242832675202659e-01
-2.538900920638177960e-01
9.332591557886185663e-02
3.931235394058393839e-01
2.345502353671522489e-01
-3.557289777059134961e-01
-2.549734547466947499e-01
-2.077700695462990355e-01
1.684195333145658557e-01
3.385976531132973699e-01
9.198941817528447085e-02
-1.827354251075163916e-01
-5.149513116211880404e-02
3.915637548132614443e-01
2.956503686232229700e-01
-1.879975570366202442e-01
-3.034427351115723953e-02
-7.210707394566796824e-02
-1.966281100199566700e-01
-1.425823595814068034e-01
-2.823234779937391914e-02
-4.554592769831092292e-02
-4.907477833467521200e-01
1.055034154886143882e-01
4.017361301198893453e-01
-9.188154952311861079e-02
-4.324049343176684934e-02
-2.616512367298439723e-01
7.125099980647195408e-02
-2.267444276849013562e-02
-8.271667962946073482e-02
-1.205172928270713539e-01
-3.372372548874096321e-01
-2.138146952134734047e-01
-6.698242648049138048e-02
-2.797993805562872804e-01
-2.507136057170165078e-01
6.715602290873273761e-02
-1.815109190166126485e-01
-2.854407487433719970e-01
-3.472845591208297278e-01
3.396111716428650007e-02
9.269593181988403097e-03
-1.872106659713133614e-01
3.790059943446401347e-02
2.829379725725411632e-01
-2.878318030510469416e-01
-1.383232417955240767e-01
-2.608143404535750443e-01
-1.228870549162524445e-02
-3.986815851251049314e-01
