-3.182848712764196897e-01
-5.234802159408248334e-01
1.904860860934740163e+00
6.750661174779186702e-01
3.983323303270530635e-02
-1.209725306357837038e+00
-1.365091754504699217e-01
-1.254100926423169726e+00
-7.634667097572673811e-01
9.773040113882210944e-01
-6.638243682998792305e-01
6.908439731483601021e-01
1.480662290348013999e+00
-5.543825125724128888e-01
1.188607277614398772e+00
3.510190483929228833e+00
4.904677106475728299e-01
-1.510485693653325079e-01
1.642777628292654502e+00
-2.363776654430266855e-01
1.277777362065634525e+00
5.782368755176280350e-01
7.745206504574286832e-01
4.318805035238812984e-01
8.353191873254779409e-01
-1.067137641848666219e+00
-1.530343967507785230e+00
-2.217813113676966041e-01
1.698572098432872490e+00
1.496002204632830290e-01
-8.395565528588114779e-01
2.222820113849637735e+00
1.757491056779499017e+00
-4.750514998316958115e-01
1.742535823737330736e+00
-1.802818031308401237e+00
3.961506174292676596e-01
2.596243800468259977e+00
1.116094701131926659e+00
-1.965425294624296715e+00
1.915440706904389501e+00
-1.332223264006966224e+00
-3.981360339461441633e-01
2.271662398042498587e+00
-1.415471388896214933e+00
-1.203609247072731758e+00
1.407862416460528843e-01
2.371026810014565722e+00
2.949467027128241270e+00
-1.758294596927589826e-01
-8.668650605370287199e-02
-7.349372120231905114e-01
-1.867472435938095421e+00
-9.066491726343111068e-01
-2.281639117179212750e-02
2.478950582287104076e+00
8.851947817097249871e-01
-1.961931386913227549e+00
1.673823780290774055e+00
-1.223586180742858742e+00
-5.696932222559365488e-01
-9.088657002934769080e-02
8.709493462881360282e-01
-2.373584600174930559e-01
1.688121767939018580e+00
1.483233709429325087e+00
8.489677895204323921e-01
4.592443161874569801e-01
2.858002419879327682e+00
1.660114375933653186e+00
1.655396807724978547e+00
2.580376979752584399e-01
-1.880418201977747672e-01
-1.826748909868075033e-01
1.403151823911097384e+00
-8.008655201020578041e-01
6.620116016898239808e-01
-2.500684773583024878e+00
-2.039061215027171414e-03
1.395247546038212161e-01
2.941764287846739823e-01
2.713126900943947373e-01
8.993790560637642262e-01
-1.457256596065107823e+00
5.991289727737499904e-01
8.222805926737770665e-01
-5.261395616791312291e-01
7.443771220050070525e-01
5.957251633566755800e-01
1.084961994924430684e+00
-2.364946608305260600e-01
1.115251000661835468e+00
-1.700743508600216503e-01
6.628903624670402506e-01
4.323786632099862470e-01
9.223111506582171160e-03
-7.234623303161424879e-01
-5.083246601846805879e-01
2.203390216820097502e-01
-3.883386704966345082e-01
-1.343196438850881913e+00
1.615640093837431346e+00
-2.674313340888689883e-01
5.371798007645853801e-01
5.617598284854619095e-01
-2.044669518781956352e+00
-2.151590232820728144e-01
3.742921738880492510e-01
-6.724370987323815552e-01
-2.001621629396902691e+00
9.365734080632339698e-01
-3.996208115175501341e-01
1.111033550122505265e+00
-1.467776389877804899e+00
2.332022945326643892e-01
-1.074248298492680220e+00
-3.560245303787313298e-01
6.347376961900907943e-01
-1.685216781809629749e-01
9.651568161610426522e-01
-1.713421839427503812e+00
3.167325372095100011e-01
3.238634200720696299e+00
4.332538942353023614e-01
3.585867471710142418e-01
2.522901575742578117e+00
-3.227277353169686336e+00
1.477972067689852231e+00
-1.188168332942853844e+00
1.529455286489297849e+00
-3.984802429264242551e-01
7.801316655588885762e-01
-2.359183638824610796e+00
-1.492126506853424628e+00
9.340296997611398089e-01
-6.650245024201462130e-01
1.001745950553054154e+00
2.266715245545252166e+00
5.076410520791411196e-01
-1.565218913389520017e+00
1.642010574011752100e+00
1.708930032737725702e+00
2.294223438177332319e+00
-1.074452500510278963e-01
9.652323467256656020e-01
-9.384487330371851233e-01
-2.395315647563548422e-01
2.146333740297154513e+00
1.463718679998135652e+00
-1.977094679972804636e+00
-2.580383029610673784e+00
-6.012389641738593582e-01
7.853297397785790057e-01
-1.059464223548846507e+00
-6.919985239628756446e-02
-1.649491960732940576e+00
2.134947556716631833e+00
-6.796347853551457652e-01
1.540438944628455209e+00
2.335468782139990207e+00
1.960717839606508917e-01
1.100093111919068667e+00
2.494057082037826056e+00
2.362825169335541209e-01
-1.510135782293144713e+00
3.078693403614505275e-01
4.027855993077119834e+00
4.257084672523937519e-01
-3.288364935609623396e-01
-2.839832506220415720e+00
1.770499220379083916e+00
-1.671382015954505640e-01
-1.814089747648999218e+00
1.001154029773795306e+00
-6.020054961668426241e-01
1.976413294489382855e+00
-1.442806913600524155e+00
-2.425377786595395158e-02
6.442774590312071448e-01
-3.015445563986655086e-01
1.165492759379349597e-01
5.495753358157748902e-01
9.016292497170683706e-01
8.934911905827440659e-01
7.402678289039723580e-01
-3.379973361885761918e-01
-8.243730436738749834e-01
-4.240399024203596046e-01
-9.333995894726283549e-01
-7.619209612514454832e-02
3.506658982992041373e-01
6.572272702086967566e-01
9.124650264159046564e-01
2.780819662479740995e-01
-9.188586227188284550e-01
4.319384441501945560e-01
1.435547682777660317e-01
9.173214203286370605e-01
4.346620316653160288e-01
5.787368041343807779e-01
3.862020904851057868e-01
-6.387033982164318502e-01
-9.941513843102851578e-01
1.794732677520642916e-01
-5.689116492180688045e-01
6.855272716123410603e-01
2.812306923288849791e-01
-2.865686899389805475e-01
-7.998948593197403589e-01
7.738283979498667975e-01
-9.466119868792337577e-01
4.198052681838000399e-01
5.679736093873453129e-01
9.674871710392269897e-01
-4.458914966856839524e-01
-1.452064717611305511e-01
-7.812804137141908800e-01
-8.562437635811892545e-01
2.609769880297649891e-01
5.549878069422324867e-01
-1.072933405873466306e-02
8.437751088675393696e-02
6.265729648178977040e-01
7.156224058844977698e-01
-6.452780803155961920e-01
-1.032604104069410056e-01
-6.004333336771461305e-01
-3.317096934262491192e-01
2.459153153505859724e-01
3.545255218680101184e-01
-2.130365705931818177e-01
-2.691630753020479716e-03
-1.457464056921051743e-01
-2.772099216803132204e-01
-7.318317856750313766e-01
3.329880998350334131e-01
-7.217164555663830861e-01
6.161570489174368337e-01
-9.686617251600426748e-01
9.145801397106703146e-01
3.642223870465532976e-01
-4.894998530061926978e-01
1.847648087492035351e-01
1.427525196278267572e-01
-5.648878719630119338e-01
7.319746532507767078e-01
9.994746717231708377e-01
-7.513343275022006384e-01
-7.603581483136585550e-01
8.999089493332557144e-01
-2.358599416965971862e-01
6.482532180276572298e-01
9.351107631932658037e-01
4.838546708816779951e-01
-4.260618351271097115e-01
-9.079898612047403450e-01
-6.861995069429975835e-01
7.045231494966852637e-02
7.913744006503522499e-01
2.660878284879941713e-01
-1.655692977585432324e-01
2.236627209020203289e-02
-3.166006260919185245e-02
-4.645243129142777594e-01
-2.383326973688919548e-01
