5.823348264159317056e-01
3.634583362691901076e-01
5.669502624056291240e-02
1.641073871552554964e-01
1.205777480874274110e-01
-3.859246332118285716e-01
-4.664968587710833781e-01
-1.357224564071392858e-01
2.883876351277800398e-02
2.786575143945609345e-01
-5.559187284561362130e-02
3.582730442177667340e-01
3.266866875093709099e-01
7.089902347333555399e-01
7.169656030444837569e-02
-3.507972304986544110e-01
-4.120470593171416951e-01
5.992352570811542573e-02
6.607990205035161324e-01
-4.939938417469271204e-01
1.492828264381712289e-01
4.807228778892458365e-01
2.737799899632096245e-01
3.292739447430639288e-01
-4.627336248832066290e-01
4.482436623471544035e-01
-1.522708923375269974e-01
-7.079256748885986994e-02
-5.423313897422189500e-01
-1.848345945672426605e-01
6.921482512574678170e-02
-4.791677214836550514e-01
2.221447926314110699e-01
-4.818839304374497590e-02
3.210114598785275275e-01
-6.936903800596379011e-01
-2.171931171499202895e-01
2.991358034033217983e-01
2.582530146636708990e-01
3.756162246196859678e-01
-1.143147188158926408e-01
1.924286902761653817e-01
-5.371217218426727058e-02
-6.502285869434288879e-01
-2.183333610592367302e-01
1.422515693912340673e-02
-4.762596192218142566e-01
-3.726183112314427892e-01
3.229586251161630783e-01
2.291451814982097823e-01
5.747982951144534614e-01
-4.026737839583194312e-01
-3.237221338681625649e-02
-1.741040313155614028e-01
1.031358605764114145e-01
1.953838320795001082e-02
-5.084621004314032744e-02
6.603097882041260025e-01
-5.830946274837219001e-02
1.393405595724465929e-01
8.627823724043146014e-02
-4.685645034715242574e-02
-7.897469724637884436e-02
-2.922894049609386924e-01
5.938680071321847942e-01
-1.108989777499611029e-03
1.995050546403492331e-01
-2.912056531146364202e-01
-2.639312741307737742e-01
-5.251156699326930966e-01
3.326871917492275621e-01
-1.816695066019496096e-01
-5.702910989319418533e-01
3.493874206856107389e-01
-3.456848513365652353e-01
-4.753910430269530085e-01
-9.843548563796329642e-03
2.605674785186360976e-01
1.365584368593130704e-01
-6.756419911862414640e-01
-2.518843225710897249e-01
-2.359654912288811635e-01
1.348541638481669525e-01
-1.704426304153867922e-01
1.669692709579178036e-01
3.450608878672315472e-01
-4.947141023635232560e-01
-2.090425279346849186e-01
-6.682462930272563273e-02
-4.536904797611512885e-03
3.880710433139613613e-01
-2.123652570444235221e-01
1.996207107288069105e-01
-1.458981221809758644e-01
-3.050409606177323374e-01
5.109884199143713834e-01
3.370681960059507265e-01
-1.097238198789590724e-01
3.844822638499567624e-02
3.223599476885705140e-02
2.835469901830035000e-01
-2.808030568347077982e-02
-2.854809025704690972e-02
-6.574726987312345949e-02
-3.306596628110329839e-01
-4.560374869512408003e-01
5.627836463978074244e-01
-6.126255201973647146e-01
7.837863332760011681e-02
-6.884969270033793887e-01
-4.629835782566099622e-01
-3.931554987147797831e-01
-2.114893466050631887e-01
-7.190742012627633351e-01
4.573940136518411803e-01
-3.018711138496532609e-02
-4.128143246694384594e-01
-3.408024169211972820e-01
2.095675255318654173e-01
5.310302294150853059e-02
-1.581938156116331762e-01
1.834194958111375895e-01
-4.246202154537920270e-02
-2.773225955665519771e-01
2.687205892528984896e-01
2.309523646269875385e-01
3.212531160823256515e-02
1.580918576579811580e-02
2.109722514876682942e-02
-3.973820339528755796e-01
1.273903255144736013e-01
4.914758013148565197e-01
-2.273315008480736865e-01
-4.398838787156225671e-01
1.423496053262556793e-01
-2.231555047739472442e-02
-6.207077093663093681e-02
-4.001634932498393527e-02
-3.674060806484966690e-01
-2.228288791301087368e-01
-2.576641628085943325e-01
-2.697972353994705363e-01
5.568927724419583947e-02
-2.178845205779725847e-01
3.946864975100952688e-01
5.086193826145746222e-02
-1.702188751008099910e-01
1.302554160766053459e-01
3.592541705733233171e-01
-2.935812861598118828e-01
2.617688512634559483e-01
-3.517682965532437089e-01
-6.716632816740897294e-04
-3.940773282180111692e-01
8.934187788812635034e-02
-2.381731638822802422e-01
-3.018115579774540702e-01
-1.764444090920674335e-01
-2.367705491592134726e-01
4.040737664358856618e-02
-2.774852312721524106e-01
-8.574811708478707883e-02
-1.474570723412395590e-01
9.702268856412982201e-02
1.854692340251443139e-01
4.899976713445889365e-01
2.013455842982588839e-01
-2.562015794270256497e-01
1.094108278842058496e-01
2.229260993672728675e-01
-2.187876839717277644e-01
-2.624626770621391048e-01
-5.851742026423383258e-01
-9.548186821441581595e-03
-9.660285624339116223e-03
-6.577980039902155962e-01
3.702602270552233787e-01
2.023253844014762659e-01
1.388832990267925560e-01
-2.461243490646287668e-01
-2.781752425810647966e-01
2.570698754857652646e-01
2.907926733858611223e-01
-1.627975742348634347e-01
-2.223530941221959212e-01
-1.725904306056683657e-01
-1.629804884261699394e-01
5.320527074322036754e-01
-1.712141391462936313e-01
-1.332852498747086889e-01
-4.772859008138591319e-01
4.759040295429587952e-01
-2.120009028872127110e-01
4.201453414052589985e-01
2.468680992564361021e-01
5.448957918007890644e-02
6.418280847370030351e-01
-5.385560263820086124e-01
-3.824122508701265355e-01
-1.061373836828810313e-01
-2.291582144109070851e-01
-5.211002451164978982e-02
2.494190979452776957e-01
-1.334319323988681361e-01
-2.872630577563122234e-01
-6.720228086861787520e-02
3.117205928955513738e-01
3.119281900511039485e-01
-2.529741578172928218e-02
3.071430816286456755e-01
-1.403700716406444393e-01
-5.524852864041001066e-01
-6.315935987837845156e-01
5.499480012644666349e-01
1.493879416672617977e-01
2.167559018061712139e-01
-3.486071479155194996e-01
-5.481579157285669801e-01
-1.571422863735142117e-01
-1.209282234206668361e-01
-3.745502842848391634e-01
-2.244811211728598710e-01
6.238205295590307786e-01
2.142920196947432632e-01
2.434711129471004709e-01
-6.211472981839791796e-01
1.263138239994705536e-01
3.399260108781590461e-01
5.178365707169124699e-02
1.020087351693868549e-01
-4.409647872283748438e-01
2.258058842833111646e-01
-3.244745555275412863e-01
-2.799060521789884515e-01
-3.908889239115547753e-01
-3.942121139770482507e-01
-1.601234945034613055e-03
2.122173865631245271e-01
3.002318329522058460e-01
2.780301087153310702e-01
-5.145822502741942417e-01
6.595557302170378389e-01
2.806055451015681546e-01
-2.018168189247510069e-01
1.619941199580266777e-01
3.358136141308428191e-01
1.715025481377259742e-01
-2.860494847088911330e-01
-7.896776093436697064e-03
1.505868791283619390e-01
-1.301947351302633615e-01
1.863845973929393329e-01
7.028659662080490866e-01
6.829891227739224302e-01
6.471038104684645464e-02
3.888599264968273239e-02
-5.124788836755770349e-01
3.258753991169210384e-01
2.881651667146323259e-03
2.691763232845478804e-05
1.968573495401653717e-01
2.693584029517587797e-01
2.559055909487678582e-01
-3.935122454128342495e-01
2.234645265789511892e-01
