-7.937991889821491842e-01
8.304547234135226663e-01
-3.859493756726881664e-01
1.793883358140782036e-01
-6.870903689597129826e-02
-6.303547397244899653e-01
-8.548495331465473246e-01
2.912502554606317684e-01
8.184218461882439843e-01
-8.958193704808450342e-01
5.306034669087464906e-01
-8.600345918751131080e-01
-6.973820460853659142e-01
9.049921185543228219e-01
-5.413977671248606516e-01
7.214746057031451443e-01
-3.658065964325758479e-01
-2.678593006134875054e-01
3.095937090934102187e-01
7.813602966413850659e-01
-6.173248871253405046e-01
1.122574655720653958e-01
-8.533040593425231801e-01
6.980580141825092344e-01
-2.103411912914505688e-01
-1.670725703519402305e-01
4.908186832796079813e-01
4.317235512497110683e-01
7.273506857843294870e-01
1.628811403450880491e-01
-4.712857814122284328e-01
2.470402801761151235e-01
5.845138742414810462e-01
-2.115786899014449052e-01
-2.713219849875596612e-01
-9.630804650110946774e-02
-3.085530746268998481e-01
4.871110864962102660e-01
-7.296115912181495577e-01
-7.263804067637424922e-01
9.657802343893400199e-01
-7.787324149273877616e-01
-3.920749635937847977e-01
-7.630590654191915512e-02
5.774336800716823870e-01
-7.725457539804567730e-01
-7.019145001734417022e-01
-2.810031530869161465e-01
-6.685693680932520699e-01
8.843374782989465999e-01
-6.509388319109581378e-01
-3.985954264557947102e-01
9.262332305818241629e-01
2.317970627667560457e-01
-9.077231265957073081e-01
4.060971119149694442e-01
9.845167931824660990e-01
8.011236843577673739e-01
-6.050585853523500202e-01
-3.028277977264874909e-01
-6.918750737510781512e-02
6.923348774136561801e-02
-5.253005416975116137e-01
7.246602932055330459e-01
-4.932350122501076850e-01
4.671610825696010938e-01
5.553677635594489459e-02
-6.468717234712122455e-01
7.299122604797765312e-01
9.908600619618774807e-01
6.095476315952148560e-01
9.230232488186191908e-01
-7.068440341248667380e-01
-6.973181868864153365e-02
-3.679315326288583599e-01
-5.090017592346358644e-01
8.663258433825629101e-01
-9.034576481871199327e-01
-8.267689626234318023e-01
-7.826857462159486634e-01
6.863774795079295998e-01
7.973449140757558062e-01
-5.980780832040000217e-01
-8.346017717985423356e-01
-8.181731097101021533e-01
9.452722182764414782e-01
-3.832734143404785687e-01
4.553079452172696939e-01
-7.979616201619343929e-01
7.725400216009088439e-01
7.323412254181500547e-01
-5.506171692491481640e-01
-9.874552225609674050e-01
1.510642948811378172e-01
-5.093230039516245533e-01
9.804704705514364349e-01
2.728749359845730194e-01
-5.991863206597136671e-01
-9.312257671846551066e-01
-9.695170922507077016e-01
4.268834665094800584e-02
8.746790528970291856e-01
3.166913051444941729e-02
-8.442708875359508092e-01
7.345567745861616427e-01
9.096947951702634150e-01
4.610327275644370282e-01
7.726727248072609022e-01
-3.161672165146065527e-01
1.552780202776111729e-01
-2.738112841160440514e-01
-8.041787616360480673e-01
-3.456761522433584588e-01
2.922050636994035777e-01
5.487786977836051072e-01
-6.317262582153528871e-01
3.276841195499462511e-01
-5.538351627973721047e-01
-1.160395382711485457e-01
4.571583731866113443e-01
-6.081109482227127216e-01
4.880008872900809536e-01
9.117726453630861094e-01
-1.393114606896292962e-01
-5.853726165775618995e-03
-9.977697814538109000e-01
8.263037002147228804e-01
7.294117635463812643e-01
3.747048170433082692e-01
-7.472486366583355188e-01
7.096681707641283587e-02
-6.713912183240080545e-01
8.348226668214764334e-01
3.827860263953504205e-01
-3.014591521934699703e-01
-1.720910650180105250e-01
-8.852580977913209193e-01
4.876867684786601043e-01
8.723660020656036629e-01
-7.192671543249558042e-01
9.576746706537928588e-01
-1.725968250469471776e-01
-9.391096606027526938e-01
-8.975801208206797277e-01
-3.768682939938912124e-01
8.987617734100503686e-01
-5.810920464688718035e-02
-1.333753423772254809e-01
-7.830434099036425177e-01
9.577657634174818746e-02
-3.120691503921515508e-01
6.073051606608925734e-01
6.471834761411459080e-01
-3.274311572721311236e-02
6.916931226975120417e-01
4.583241117133869391e-01
-3.068599094771342628e-01
7.863429231881791104e-02
9.662796544912388708e-01
1.339516832115943412e-01
-6.058171355136576786e-02
-7.661845415738843812e-02
8.612383433417221124e-01
-9.370473198176263452e-01
-1.085833639113580329e-01
-1.526102013369872168e-01
4.378175249599023378e-01
-7.496165030159362974e-01
1.020550520675906903e-01
-2.728020772635397773e-01
5.324401645721832388e-01
-6.263027872422128883e-01
1.859319063985225284e-01
-8.024043974012871061e-01
6.517609255404623880e-01
-3.937742722621722091e-01
2.381193507946406385e-01
-9.192473333654220813e-01
7.864476620168570076e-01
7.885822329441172229e-02
8.254083405148480157e-01
-7.817228284552744100e-01
3.897522320195456746e-01
-1.841297182479333383e-01
9.007858298462911861e-02
-1.941188415980812376e-01
-2.915976502902677403e-01
7.767932942472475233e-01
5.912585387988977814e-01
8.759607854767474944e-01
-5.019549290245788331e-01
-9.566372121658361927e-01
8.214143182438649049e-02
2.429359554074641547e-01
-2.739015699140761040e-01
4.008145780905338906e-01
-4.020400009964619770e-01
-2.797596102533199680e-01
-5.591947782311916804e-01
1.641821920344792574e-01
-8.413470506381770520e-02
-6.121584956574630532e-01
-8.989840979748864314e-03
-4.705867377339951751e-01
1.183902314763063401e-02
2.392979974615263572e-01
5.140996825603580955e-01
5.383038040733669760e-01
-7.699893335987098020e-01
-8.633545093475654131e-01
-8.760808377048774354e-01
-7.282566124524247897e-01
-3.121827216356669599e-01
2.178831238875915677e-01
1.095375278884904713e-01
7.695819676895490069e-01
-8.403570251877783281e-01
8.517666271936317202e-01
9.917653339471388385e-01
2.268676649195631168e-01
-8.747746396844169325e-03
-2.190334697527607233e-01
8.597552575140789966e-01
2.271233691529612742e-01
-5.429406890433949862e-01
-9.714481923112632256e-01
-9.194604037696434418e-01
-4.417739383217014204e-01
6.070856143666323312e-01
-3.872935247256164004e-01
1.234278197427052248e-01
-5.622893965073496592e-01
3.301486219865492622e-01
4.592528570506058117e-01
-6.104830800234886112e-01
-6.425507288165555053e-01
-8.087739890324454617e-01
-5.577121492837266992e-02
1.535266014888112540e-01
-8.662507019891836357e-01
-7.778825469703527506e-01
2.560334062953004697e-01
8.845488844629278979e-01
9.469893581650814518e-01
9.271319645519273678e-01
-9.638527102351910347e-01
-3.762548913435641573e-01
-9.980217158980833059e-01
3.091760926637208140e-01
9.789418113086321149e-01
-3.685043640835163892e-01
-9.826032988358859299e-01
-5.556398504239816738e-01
2.796883250001012122e-01
-1.424812697565249753e-01
4.926315150568030266e-01
-3.916292182231826402e-01
-4.165335170384754093e-01
4.369092590259444631e-01
-5.601930148769209694e-01
1.703695373649034561e-01
-9.706829034012542934e-03
5.860700706213954891e-01
-1.591962288413273363e-02
6.356075242760468313e-01
