8.388179911749579221e-01
-2.752521013117911197e-01
7.746263496118676040e-01
-2.514143846408688487e-01
-4.531658727523385499e-01
-3.444781694788184301e-01
-1.576070680482858644e-01
-7.144648508654759256e-02
7.089243593300825763e-01
-3.274062193578634872e-02
-4.501123751523062461e-02
-1.049557001922818977e-01
5.370709070348141934e-01
7.454162115625772023e-01
6.595781498303420198e-01
4.209918481008355640e-01
2.324411593780143226e-01
4.048199330166568632e-02
-8.066939333948942581e-01
-4.773794150308200424e-01
-9.673348362746266860e-01
8.639181824643427099e-02
-3.095071998600731900e-02
5.725809551883531689e-01
-8.343842795004623447e-01
-2.007581863221926527e-02
2.993844884208735624e-01
3.261834113261657953e-01
-1.023008741395715071e-01
-4.179904393699762633e-01
-4.407159402006491367e-01
5.922290442450459658e-01
8.312907348913302352e-02
-1.847397971529404215e-01
-6.062160398642361947e-02
9.178212076880264414e-01
-9.538047206398708733e-01
-2.407333780944516666e-01
4.053579086580430535e-01
-2.553688010719641910e-01
-1.590308978525625250e-01
-9.964144598167289368e-01
4.444317925549961384e-02
-8.664803726693180996e-01
5.473924053980139259e-01
5.428533312945321709e-03
-1.875393765305942984e-01
-7.239889812893796073e-01
-1.620480263270312193e-01
-3.072490333202393953e-01
-7.634250395982602466e-01
3.326052863941124094e-01
5.025452591004326841e-01
3.705995333182220408e-01
4.117313586178902862e-01
6.391749090522266807e-02
-1.664774265479386783e-01
6.941640086212294003e-01
7.974810381603253395e-01
1.234564190059002642e-01
-8.418434415659484804e-01
-2.974566253279946060e-01
1.547756080218213592e-01
-5.569412151861455884e-01
-8.906129187133206004e-01
-7.671085017670303818e-02
1.875602858427216912e-01
-2.888208112229764465e-02
7.981516178421197427e-01
7.691693876177395639e-01
-4.503626679062971427e-01
-5.487229051183964978e-01
2.969182076323894637e-01
1.956295782670740835e-01
-5.386032763764770914e-01
-4.660793653523015445e-01
-9.264613391507271478e-01
-6.789561296876223118e-01
-2.264870950891718637e-01
-4.085084472477348849e-01
1.003227254051801687e+00
-8.299009059984828740e-01
-6.181308222455842438e-01
-1.616326134964539696e-01
-5.703245793350382176e-01
-3.822109209518413375e-01
-8.394484557705178540e-01
-1.601107380203464492e-01
-6.446427692561704781e-01
-9.908111800048841067e-01
2.333990631143659927e-02
-2.406241759773712907e-01
3.703313236675134790e-01
-6.837322799674755425e-01
-4.979071065127881890e-01
-2.891464473179161665e-01
7.365604249538142412e-01
-8.042030541456775261e-02
-6.654946141384456837e-01
2.572198984605474914e-01
-4.652015829561035876e-01
7.051294428866746733e-01
-5.070969292590543631e-01
1.498701283675202833e-01
-2.018019439985030972e-01
-2.479394261969095903e-01
-2.095612221907693640e-01
5.524439072437943299e-01
-2.718611704360519021e-01
-1.290414333641236311e-01
1.155720201174681022e-01
-6.063214500924757333e-01
2.325939638337660154e-01
-2.383904243143603052e-01
2.613453677607788239e-01
1.320823093468831422e-01
7.121141725681118251e-01
-8.995114109746817077e-02
-8.154722718145296367e-01
-2.136124308052194110e-01
-7.089420295293913377e-01
3.717992375271415018e-01
1.815094481545014848e-01
-1.419809840761025455e-01
-5.252382880224178985e-01
1.812301288829717416e-01
-8.912533276623799683e-01
3.325717327966973835e-01
-3.500056515379532662e-01
-2.582425347286599338e-01
-5.221440487535064512e-02
6.805302521644870373e-01
-4.785188837770791848e-01
-4.654644356242947922e-01
3.587139316924590760e-01
-4.405812829184434509e-01
5.339997646756390604e-02
-3.220688508608157141e-01
-4.602024546221387957e-02
-7.132732270230791594e-01
-6.992213773995318293e-01
3.849038297883712323e-01
1.760143595512714543e-01
8.275463980710757728e-01
-9.504621982485980114e-01
2.722631502499043843e-01
2.836611749049878228e-01
-4.797600999081482742e-01
-5.191131409340660197e-01
-9.219454820035889453e-01
3.673113991253445509e-01
-4.220699259026463035e-01
9.388519834427830890e-01
-9.032878990389618667e-03
6.757715326582889315e-01
1.032795916645354306e-01
-2.365770770328079822e-02
-5.105943109507675715e-01
-8.898424824555033891e-03
7.509360532666511379e-01
6.539997407738155077e-01
-6.078412803065273984e-01
-3.682058553958787450e-01
-2.297977261779087788e-01
8.792185469273035014e-01
-9.265111472731846209e-01
3.447285564139521141e-01
7.129976326925432373e-01
-5.560945244566163348e-01
-1.624622082613866869e-01
7.980877690604870622e-02
-1.857468203178289645e-01
8.318301088602492177e-02
-1.385358971799459382e-01
1.772298814993555349e-01
-5.264837093383401001e-01
-3.067813233665622752e-02
6.754918676630570218e-01
3.509758077620931949e-01
-6.554784406456999335e-01
9.587449376801081558e-01
-9.150696245027130082e-01
-9.196420831572186261e-01
-4.326637011869780558e-01
-5.482464154266165623e-01
-6.813711244011717572e-01
-8.693577416093438703e-01
8.630486110036685865e-01
4.940549131860290655e-01
6.327387470662027003e-01
2.675077418582886418e-02
-3.439482583832059737e-01
-2.679662977258897016e-01
6.994827710877379312e-01
-6.234941738778596726e-02
5.695350040189280927e-01
-8.726827846551525603e-02
1.947017808176423614e-01
-1.914472597170255863e-01
-7.899022362602053926e-01
1.706056965731022890e-01
3.485953563375600583e-01
-4.200447254446339485e-01
-1.234376673634579452e-01
-1.977606444784451301e-01
-6.563540149970624737e-01
-3.653730360779807174e-01
8.420851233452528728e-01
-7.011814768542673493e-02
4.636296710334820992e-02
-8.580246905151736048e-01
-8.676895570200983121e-01
-1.972486974414100480e-01
-2.275185389103475675e-01
-1.821183481659896866e-02
-7.819913409819242434e-01
-1.148290893539724578e-02
3.869218865230527604e-01
-3.469424240769425349e-01
2.605351331987607599e-01
-6.451331421092423302e-01
1.054182306009744940e-01
-6.001086176901313518e-01
-3.599144319345595755e-01
-5.310846300013559729e-01
-7.340409267153358286e-01
-2.154386821540271169e-01
6.627091181261466346e-01
5.274393971281555737e-01
-7.189279720984796951e-01
9.114058995041585121e-02
-3.175638244011276257e-01
-1.321980370720865772e-01
2.060071687160076603e-01
5.958884391763484834e-01
-7.687501432321902639e-01
4.353996055641666807e-01
-6.648906675000498812e-02
-5.893717565879343090e-02
-2.338521630899814685e-01
-6.531510138611344995e-01
-8.649227629179502275e-01
-5.106730170835084293e-01
-3.879347270887351651e-01
2.610184255165065026e-01
5.854313596854595625e-01
-4.738403328606278775e-01
-4.451598354786364120e-01
5.603440109128439151e-01
8.332611571508998782e-01
3.262916982181974790e-01
1.006629180194913431e+00
3.793705201634771651e-01
8.935275987675799225e-01
-1.700871075705004676e-01
-8.156216634117403608e-01
3.076715130549016741e-02
-8.362243271367750808e-01
-5.545588752769533558e-01
-8.388279206273984157e-01
8.513857077276395513e-01
4.465983626670834705e-01
-6.276917537445616535e-01
-9.509768876414136096e-02
4.282220843621916684e-01
