-3.780789811898285224e-01
1.777022295371821214e-01
6.896756698991258761e-01
1.789192392561839817e+00
-1.591875724137825077e-01
2.288651410834878774e+00
-1.255788333323955452e+00
2.796688531609165196e+00
-2.207921504724980721e+00
3.279058257854209346e-01
-6.491579665480484707e-01
-1.939343858726328973e+00
1.821212693598930121e+00
1.278568866531506032e+00
7.947836710315743236e-01
2.315626251405446645e+00
7.027650313641772839e-02
-7.862594189242768650e-01
-1.487300137453193560e-01
-3.442067939374485519e+00
-1.123479362991097741e+00
6.533622326964088067e-01
1.997677231361488337e+00
-6.562922722662366537e-01
1.766848744859302656e+00
1.336198282190596887e+00
8.286052315177196981e-01
7.086795501902254379e-02
-2.225503912207119850e+00
2.157373477628942993e-01
1.540111631042055507e+00
-2.870385288281323888e+00
2.445951579852956304e-02
-2.011943720188244189e+00
4.158314786660426421e-01
1.056838098795380709e+00
4.226665011101469194e-01
-3.553672199030218359e-01
7.834266882961204992e-01
5.451433027280999655e-01
-7.505582566828249425e-01
1.755747727599294983e-01
1.323459193345072338e+00
-1.253451254107947443e+00
-1.008725750761226170e+00
1.099490748719804012e+00
7.036767201336554534e-01
1.118341656324662203e+00
2.030943596603811407e+00
4.308864790632087605e-01
-1.277768797024072533e+00
2.960557549571740110e-01
-1.390433833349548065e+00
6.186457475161666331e-01
6.239695734115606740e-01
-1.116556770659908215e+00
-9.067475556457589292e-01
2.838511018983840284e+00
-2.213104778803832495e+00
1.125061540427211515e+00
4.309964527545807611e-01
6.817658073400736374e-01
1.389137012597519316e+00
7.173328049731980682e-01
-1.890958134289162373e-01
3.953819281308039724e-01
5.624825508658248818e-02
3.930421526587096759e-01
1.872940986028914345e+00
-1.422370877982617188e+00
-4.042652154327021741e+00
-1.904137820593638786e+00
-5.421665143105068863e-01
-1.971332943980585117e+00
-1.768197386614600353e+00
9.103129956527933331e-01
9.622621236946586887e-01
-2.247398041343842134e-01
2.074982371734624742e+00
5.963348452282006829e-01
1.876810994437581925e+00
-5.624345148142196882e-01
9.787224374885519218e-01
1.285694449213403701e+00
-1.876383058786345037e-01
-1.900333959167641362e+00
2.480942113942720795e+00
3.264190072154153355e-01
-2.332191678728612327e+00
-3.628786451121701617e+00
-1.344637460430878173e+00
2.914732258132479714e+00
1.303190234410294579e+00
-8.117664022685718850e-01
1.647044396846878422e-01
-9.139872608850158064e-01
1.087912632066644569e+00
3.199108990093144644e-01
1.324366542429356031e-02
-2.891969717051096289e+00
-2.664932694665643975e+00
7.642330237355401401e-01
1.691096961191280057e+00
3.162319128738113605e-01
-9.604834429582590483e-01
-6.852658364584622852e-01
8.929735985497520012e-01
4.621400418586011360e-01
2.008927563756592871e+00
-3.791216275379105660e-01
1.784092380193258442e-01
-3.708020235743519910e-01
1.568726987121825012e+00
1.826315646707000084e+00
6.232602967870799482e-01
5.602784643669203035e-01
4.073048952371718379e-01
1.244775381433543604e+00
-1.732708055513815237e+00
1.787058359388750572e+00
-1.771180750941135251e+00
-1.593187589723557007e+00
1.604480380369547765e+00
-1.750580187566247448e-01
1.247731324979117318e+00
1.354547825326831711e-01
-1.367898106192184216e+00
1.292492255567887272e+00
1.021747369936736094e+00
-6.114375924718495892e-02
-3.434786827643376284e-01
1.034312113753613094e+00
8.009145829238862868e-01
-3.610520425856755256e-01
1.624101968740476076e+00
1.628536139261537175e-01
-3.615180771964824347e-01
-3.497823145762951613e-01
-1.064381253807689776e+00
-6.654496147164035147e-02
-2.493279158502700099e+00
2.208399585098593798e-01
2.275760492288461112e-01
-7.546396247620623665e-01
5.304603979856202800e-01
3.442792308704547000e-01
2.781419614500707516e-01
4.423221922475767398e-01
-2.583150963215006257e+00
-1.072965347220124821e+00
3.437346303715166917e-01
-3.137008768082757637e+00
-3.101087738313235143e-01
1.657019312575381376e+00
7.813705158173478438e-01
1.356921210487142426e+00
-3.226116673822900793e-01
7.060571663902848183e-02
-5.055133230205626216e-01
-1.169894203663957022e-02
1.718408650970838725e+00
-2.345482849304924677e+00
1.865794198767279033e+00
-1.214256667643118792e+00
1.295819132795437811e+00
2.738294280171218453e+00
-1.882987867890792533e+00
-3.608069161740878883e-02
3.074639829555725346e-01
2.988263485797027497e-01
-1.787408555951293110e+00
5.946069620736875727e-01
4.912560740984991403e-01
-1.440057981268373144e+00
9.341063433011088657e-01
9.721494971415524100e-01
4.583673511006499668e-01
9.144961621895753012e-01
-1.328107705745782408e-01
4.981513396583985287e-01
2.137555431944119899e+00
2.695671777719917728e+00
5.421125923507275068e-01
2.290776501882815452e+00
-1.396966398051220359e-01
1.842285689329785647e-01
2.187738420458529731e+00
-6.375126875615571009e-01
3.626869510665858165e+00
7.952345078071758611e-01
-2.796360997064176068e+00
3.114262900286107749e-01
8.579789994519912977e-01
2.143121814643675904e+00
1.125836108016832426e+00
-1.934043863028839683e+00
-1.588011224916430209e-01
-2.856347271007294020e-01
-6.753689638380757643e-01
1.611307846818452294e+00
-7.048418546568778753e-01
1.205545033347033446e+00
-7.937061981199230454e-01
-3.098930021717209993e-01
-5.886788514120550042e-01
-1.371547478633484474e+00
1.336630219455925417e+00
2.082510227885900900e-01
2.344590034474409279e+00
-7.418480787855832315e-01
-1.051010899681231514e+00
-1.428883321174559740e+00
3.761905342087202286e-01
1.582711698242541543e-01
-9.920853878863278297e-01
1.334065253786727467e+00
5.231394546010811331e-01
3.246568886637435369e-03
-4.963446794077785995e-02
-3.336348525617516270e-02
1.884568239761617858e-02
-1.391799115382340024e-01
-1.411116098991413104e+00
1.039695548903142752e+00
-2.210096081574318916e+00
8.358299594258928877e-01
-2.769739708339766793e-01
1.661374156563656390e+00
7.715992424530643268e-01
-8.708590792421411209e-01
-2.067650385745343211e+00
2.242989336694640179e-01
-6.257202705639959284e-01
-1.033955018592836339e+00
4.792882941412351938e-01
1.928884855187801950e+00
1.217065134908715818e+00
7.320879769847523644e-01
1.767423556512469407e+00
3.491925671673047349e-01
-6.746102885349336553e-02
5.391638999963538348e-01
8.819604922985504469e-01
4.568802172900043868e-01
1.843198641890756995e-01
-8.561288002878998382e-01
-2.612120111734369754e+00
3.136592870246894815e-01
6.835333337436946266e-01
3.807034529503688369e-01
-8.322333347203068055e-01
6.305720281264948213e-02
9.799046310797998594e-02
-1.557310196831671156e+00
-4.864844800145649018e-01
-6.174175796966683283e-01
-6.905071608494625091e-01
1.758622463613818354e+00
9.488276923705105670e-01
-5.952762853320289205e-01
5.956732958123883703e-01
-2.676745458941065525e-02
8.726578615842353059e-01
-2.147152241853120813e+00
1.706343240846571518e+00
