1.483049120597479953e-01
-1.113487786353653530e-01
4.173333817209843311e-01
-5.982937558706872272e-01
-5.139040910670784612e-01
-5.839074585834863607e-02
8.617719008644011969e-02
-1.991510208785923497e-01
2.116561145963030965e-01
-1.590698752565358753e-01
-1.778558250383671102e-01
2.496582943783394112e-02
3.472988675794491109e-01
8.562710497775609386e-02
3.565694676768499383e-01
5.771492308682236311e-02
3.865454314730292634e-02
-8.855658674801675234e-03
-1.424979905600541885e-01
-3.284506671692118407e-01
-1.701400822212880415e-01
-2.297285741643742552e-01
1.293146968330728397e-01
-3.111060848486493224e-01
-3.464875770661984822e-02
-1.050987128173330870e-01
2.319484751419581825e-01
2.967552062512220923e-01
2.810721533671476924e-01
-3.454195154967263370e-01
-3.319663782853638501e-01
3.133864313271843005e-01
-2.376571943065077797e-01
2.193067088698225642e-01
-1.328495183148735437e-01
3.639509019490465014e-01
-2.361803357014818361e-01
1.531507403281780477e-01
6.132155428604567637e-01
6.094015069628254677e-01
2.790839174371553266e-01
3.041453119365496865e-02
-1.438639875641034016e-01
2.221354397845121120e-01
-3.306419495457458280e-01
-1.886077756475986189e-01
-3.807319768497153811e-01
-1.919000152520678182e-01
5.317595151863186986e-01
-3.457332048159089122e-01
9.537679811034079080e-02
-5.362420931392900547e-01
-1.805412296236012515e-01
-1.095373069370401964e-01
-1.137756883501246236e-01
-1.435389575913159632e-01
-3.340530481309839095e-01
2.832381895042080933e-01
-5.656582002770007556e-01
-4.382978610502722971e-01
3.877201921557993369e-01
-3.944173692977142043e-01
-2.405088729300281780e-01
-2.132450025473507371e-01
-2.309625650511955980e-03
-1.707139946754502313e-01
-1.070092805612510856e-01
2.454818143224370697e-01
7.996429234203414338e-02
-1.946646808650444038e-01
-5.213126981113613834e-02
2.116222216551853497e-01
-3.001221626576094925e-04
-6.820919504162467617e-02
2.506484922944436644e-02
-3.157226232861050086e-01
1.321213469320593192e-01
-2.694323776042304441e-01
-3.093411222984742692e-01
4.720613904007326944e-01
1.762504690892771619e-01
-9.855113819412252008e-02
-2.307930745440057909e-03
1.791555660240954362e-01
-9.873771348792648173e-02
-7.879440240306190280e-02
-2.355851023944898204e-01
3.530101871413662828e-01
-3.323308438815864574e-01
1.406079425112447545e-01
5.981529457780111469e-01
1.268524150510500215e-01
-2.537409429861509080e-01
3.222675629590138202e-03
-7.388691812182095198e-02
-6.251215130495491046e-01
5.858380982475531740e-01
5.564596441720343067e-01
4.556326253527634429e-01
-3.807567654014816783e-01
-3.408968760151273036e-01
1.215393094045358058e-01
1.632364436510177486e-01
1.134505377833062989e-01
2.474440807662928732e-01
-1.472239749723600333e-01
2.331930928427449201e-01
-3.755018417608985692e-01
1.295190655491965381e-01
1.133893839778522122e-01
-2.045887486360741248e-01
-5.269740184709976738e-01
2.199139835780601071e-01
-1.474228465768177287e-01
1.456724593326666484e-02
-2.348963516598177315e-01
-3.265608729893757500e-01
-3.287222090339706471e-01
1.057780460580674126e-01
5.482454167069128470e-02
-1.316268991198163152e-01
1.536280609384922946e-01
-4.819518725528636471e-01
-3.237671014194791197e-01
7.486006145225820863e-03
-2.828372121790959648e-01
4.156941602207867015e-01
-9.272232318246470539e-02
1.663350741956814427e-01
1.280162473521150868e-01
-3.854430733207600546e-02
2.996265431043522720e-01
-6.798703359489274844e-02
1.452232146723815842e-01
-1.061730524192780051e-01
1.903963990304750054e-01
2.496272867815182428e-01
-2.946940085848774316e-01
-1.966115971884374591e-01
-1.475028367859300138e-01
3.355763662017944848e-01
-2.434359390954669022e-01
-4.363533403999387827e-01
-1.223559665211919056e-01
8.242549330318885148e-03
-4.684594575291083363e-01
7.692705056947206355e-02
2.264672298692764485e-01
-1.853067268010775148e-01
2.435536729819599011e-01
1.983660663673187108e-01
2.435868976614332659e-01
-2.027425812541339134e-03
-5.995612382476564473e-02
3.248765864672887860e-01
1.724701507963496139e-01
-2.700242903726900456e-01
-3.410341850146248466e-01
6.025405448215244153e-01
2.206890453278744779e-01
-6.201509607204479246e-02
1.855390692507481731e-01
-2.481300447697915024e-01
-2.990189253724908625e-01
5.380527602335554160e-01
-1.817574516598223777e-01
1.319545886500633758e-01
-4.623884616690751570e-01
-2.487356542611744020e-02
5.307535806813369339e-01
-3.935558530203507321e-01
-2.331443575174912963e-01
2.619304407905412857e-01
4.068637942475385461e-01
-1.662407996380370900e-01
-2.661194998836964309e-01
-3.343482949867653820e-01
6.251423776297549972e-01
2.213460754096429894e-01
1.634806335890847395e-01
4.479157436738055720e-02
-2.082002337038441619e-01
3.610651776442107552e-01
8.794863895056651004e-02
-1.456624981337258651e-01
7.689077780634748227e-02
-3.120519731468970881e-04
-4.704249991949421839e-01
-3.613489226378131525e-01
1.312316561229874556e-01
-4.182601081751212424e-02
-2.118140765311396501e-01
-2.526790962846169331e-01
-1.192270867459480771e-01
-1.115403146792234013e-01
2.410951533900368426e-01
1.926773783591918532e-01
1.306331839840486897e-01
-7.481269518897240567e-02
2.703222208821006722e-01
2.831979398913193613e-01
6.160295172881288112e-02
-3.353289411434989820e-01
-1.197099410357882476e-02
-3.284986018333048152e-01
-4.168853854267592918e-01
2.232561816927184362e-01
-1.317527969134451443e-02
9.191293775268288488e-03
3.407032405699609301e-01
1.963241011266577130e-01
3.520482887010151773e-01
-1.210747719402186090e-01
9.868417057957187821e-02
4.272556403821333171e-01
2.399112029663071077e-02
7.051336422855825070e-02
1.387804404083538834e-01
4.887944836205575516e-01
-3.442231316523840512e-01
3.429844367163800145e-01
-4.142066349376347656e-01
2.874261100644991407e-01
3.437325319456369099e-01
3.472864872386743351e-01
2.736197507316156519e-01
-3.667895038697255305e-01
4.027213667564621957e-01
7.468288516129178989e-02
-1.235537947479837390e-02
-2.273644077773106370e-02
-2.068165737006126825e-01
-7.536902104266982039e-02
3.066635605204188209e-01
-2.475200999008166924e-01
2.539132996108994234e-01
8.625290398991548868e-02
2.628138544150669942e-01
2.713747188982852943e-01
-3.444173576114071267e-01
-2.898640517040068088e-01
2.323249489382732402e-01
-2.800560095521867354e-01
5.951328495696060761e-02
-8.633015750784123199e-02
-5.562514610792271968e-03
-1.719251326600097218e-01
5.460383938083814837e-01
-3.304042420699000726e-02
-2.124559587791554904e-01
-4.180309305256497687e-01
-1.357628793579627180e-01
2.554132314500378587e-01
3.223882307530223645e-01
8.577414425748211557e-02
-1.776634551115197913e-01
6.001071908393230958e-02
-2.567720487127625462e-02
-2.543645036703348628e-01
1.045274997494919367e-01
-3.577968383653945539e-01
-8.428454129409691797e-02
2.252273001243043915e-01
-2.550434508811885714e-01
5.144217944159728412e-02
