-7.519253466902973138e-01
-1.187265207721381888e+00
-2.063142654475491167e+00
6.054232898116793660e-01
5.323157164065186464e+00
-2.943088559755357991e+00
-1.015453751547989114e+00
8.374732185389582861e-01
2.219753920602009600e+00
1.500634362769739383e+00
-6.413525370607580101e-01
-3.853613512524879159e+00
2.510720816036643210e+00
-1.748148335720370206e+00
7.709206111750794843e-01
2.475224350849331678e+00
-3.715959446762570617e-01
-6.314374808518884441e-01
1.891266876578140410e+00
1.800746637960362495e+00
-3.772591330112950558e+00
-2.485737702886032796e+00
1.444107788766089806e+00
-2.799495585080331583e-01
2.577189190649962214e+00
-5.695566824784047411e-01
-1.103647876821185481e+00
-1.966725233511309012e+00
-1.511463628806041015e+00
-4.775414125500565543e-02
-7.998417854135028149e-01
1.555531476047655959e+00
1.179917422736856736e+00
1.480490813466428746e+00
4.457112216309582209e-01
-1.230231845723220641e+00
-1.950858087444888422e+00
-2.499587032533812536e+00
2.576163931773531424e+00
2.747350695384949582e+00
-1.514603459035586352e+00
4.488474946055054815e+00
-1.298693662151668149e-01
-1.246547577140977303e-02
4.824489050456777228e-01
6.349191252692860665e-01
-3.351744023164853203e-01
-1.257766761038001224e+00
-1.451363907434408906e+00
-1.134269977519679173e+00
5.163700321857839226e-01
7.125228136442442184e-02
1.036193756930294363e+00
1.581375422195381519e+00
2.911863789043138695e+00
3.211337113424221457e+00
-9.303595584443308253e-01
-2.835752156719917316e-01
1.646070633750291057e+00
-3.469815276738189569e-01
5.013178461611846881e-01
7.483310462700939469e-01
2.146111992973235516e+00
3.343486598418027311e-02
1.388935966789841103e+00
-6.258300375036535135e-01
-2.687103545632506751e+00
1.097077980926044471e-01
2.914812301168396846e-01
-1.268148335901824186e-01
-3.973623397719597827e-01
5.589147762265222141e+00
6.835384964339836777e-01
9.651512597531666238e-01
7.109977901035500203e-01
-1.893032003871843449e-01
-4.097420474519002376e+00
1.225742519455288448e+00
3.670698774304538281e-01
-1.870487600362186864e+00
-7.221833334922042047e-01
-2.364675667838062267e+00
3.165276442697142478e-01
2.741666892084795304e-01
8.082497997282804825e-01
-2.677856178334654835e+00
-2.701765388621582886e+00
7.874426014211286518e-01
-6.489323027265532229e-01
-1.044111066882021044e+00
-2.936155078377679750e+00
-1.074599074266711085e-01
-2.397537242543994473e+00
-5.777469148459387638e-01
1.717763988682420528e+00
2.293568285111322158e+00
2.261919712617074918e+00
-5.102795212106634448e-01
-1.645297570902112039e+00
-4.767825762457045258e-03
2.230742473848830176e-01
5.852939046595568851e-01
-2.569664453896195688e+00
2.851103547763370827e+00
-2.330499670596991868e-01
3.907258084859252190e+00
2.323187456467483425e-02
-1.576329638596865035e-01
-2.296778475833222366e+00
-3.196473927633073586e+00
1.341874678619489947e+00
-2.425303068485810343e+00
-8.006901755959164868e-01
-2.890811856534207802e-01
8.814019420187508835e-01
3.398452049087568927e+00
1.790080348171394498e-01
-2.288700368128793627e+00
-1.120870759619181367e+00
-7.012775917670739378e-01
-3.625021571939258003e+00
-2.121265658572053514e+00
-7.611659971426745219e-01
1.930915441247933240e+00
1.327271980830431186e-01
1.764245193373249476e+00
-7.209752348836259150e-01
-6.589238362983340647e-01
-2.351045757710035211e+00
-1.327607477481293596e+00
8.014208521866413859e-01
-1.553021762316804555e+00
-2.155724820512640694e+00
1.118117292582634814e+00
-6.485488075925749385e-02
2.871022552353405199e+00
4.960985933281158444e-01
-1.008299314802972413e+00
1.617529618310632689e+00
-1.073796458935339704e+00
-3.153293507539904006e+00
1.017157804270993338e-02
4.580003980930327234e-01
1.102735664552584316e-01
-4.298514751875471163e+00
1.972162298366954891e+00
3.921822265115352479e+00
3.249131534412532218e+00
6.269021317259877435e-01
1.859520094756198505e+00
-1.054091229114015649e+00
2.694720694551764328e+00
-2.225324066881727791e+00
-3.810264894439487016e+00
-3.054539664701603208e-01
-7.932298705007398976e-01
-1.675888901511416895e+00
-2.644220639649944582e-01
-7.122883126764301132e-02
-1.412524152255205445e+00
-1.556282283621662321e+00
-1.323539523421861208e+00
-1.448798701352182805e+00
2.017576607309752301e+00
-3.188446670549697215e-01
-2.769190912815386429e+00
8.536661154912010829e-01
2.651343584812207776e+00
-9.082075470400746697e-01
3.610778171870347997e-01
2.965376331959740597e+00
9.572981057683647155e-01
1.218382454870445164e+00
2.598813180439544901e+00
-1.492504371566302002e+00
-3.264446895499881762e+00
6.074934979662549583e-02
-2.898435558807372026e+00
3.961837873119555820e-01
1.925915943825997623e-01
2.273804999544818628e+00
-1.646726751367773911e+00
-5.824808659344768991e-01
-4.082599676128095822e-01
4.140480787900835402e-02
2.134281874633930265e+00
-9.011313379792091904e-01
9.365123570954476673e-01
-2.688532469103417921e-01
1.210091906776014303e+00
7.372471663877108172e-01
1.854226060609054372e-02
3.851142786567832044e+00
5.760183521555095609e-01
1.399791309585584509e+00
1.844248015759952786e+00
1.447622047446087024e+00
1.727117085325552193e+00
5.567652617330311138e+00
-1.000366297001008764e+00
-3.644476638258232093e+00
3.893424217332208670e-01
5.038502500416379704e-01
-3.360312313295409359e-01
-1.627637332541269188e+00
2.043127997014837938e+00
-1.268811128718352554e+00
-2.578410287159239811e+00
2.420408722238092114e+00
-1.528981913297440265e+00
-2.427537583997182224e+00
-4.351923127760870535e-01
-8.476774027842276515e-02
-7.123821732090261927e-01
1.844278271605072739e+00
2.205420188883300270e-01
5.029968811084752911e-01
1.168999450918824179e+00
-1.786660407925976468e+00
2.691684207146036734e-01
-6.953632204326619659e-01
-5.460834949840474017e-01
-1.029430525144937603e+00
1.384341801681565398e+00
-3.240176361169399555e-01
4.869029415810436912e-01
-3.190904970251712269e-02
-1.874991273551199322e+00
3.679193551856212885e+00
-6.981257780682044167e-01
-1.680603427818635698e+00
1.440746252218350287e+00
1.027007731552156855e+00
1.045304191572858254e+00
1.920619646535548508e+00
-6.733307481304785513e-01
-3.522045717581850255e+00
-2.238075197682533268e+00
2.050376581304544477e+00
5.659383402787838691e-01
-2.921482019820026421e-01
-3.344459899176682072e+00
3.544870507723038688e+00
2.582139748270705581e+00
4.161598987646915604e-01
-7.790149339863656763e-01
3.202328168081550075e+00
1.606687457838116284e+00
-1.570428092787641505e+00
-1.151514298420518223e+00
3.889031430634959374e-02
-3.978631330850999959e+00
1.828764295308422216e+00
-3.622870387625376054e+00
-1.242773802812057848e+00
1.598049080267333055e+00
1.004918457557888001e+00
-1.252291626061367458e+00
5.399044795438963096e-01
-1.783841126174300573e+00
-1.740362854031012096e+00
-6.745998746292461989e-01
1.136033369358179890e+00
1.627454328554837737e+00
3.478471474290557808e+00
