-2.587804304156641755e-01
5.862764447330478523e-01
5.157083252326820633e-01
4.821381356333325208e-01
-2.284640197059009392e-01
2.306333137468912220e-01
2.962345817709806095e-01
4.927686294737099737e-01
-2.060287744618349501e-02
-3.599945455648614345e-01
-3.062493410206834632e-01
-6.724896778002958930e-01
2.452808416233974997e-01
3.222023363459401990e-01
-1.794701480569891039e-01
1.745202014512921840e-01
-6.878681470883524218e-01
-1.348769195102683394e-01
-4.919647153400528716e-01
2.523357047838082345e-01
1.138225155284259688e-01
2.454852287266180710e-01
-3.737246696545307861e-02
1.170741722078253028e-01
2.544354677547398524e-01
3.115093901924259612e-01
4.054934143569030591e-01
1.090601658819214392e-01
1.323836017920058949e-01
1.535629048518179773e-01
-5.464862239301807728e-02
2.219610145837604964e-01
-1.555132164915409010e-01
7.060323202721097147e-02
4.693554602297518863e-01
-2.589907758686479239e-02
-1.195151996516235077e-01
1.084629695718916653e-04
-3.020071936335140539e-02
-6.134839174688749841e-01
3.211793829920446264e-01
-3.391683946011574413e-01
-2.850000163376923412e-01
-4.121457569651513220e-01
1.657341480126842681e-01
-2.987485098382126059e-01
1.768562352496882706e-01
-3.645119246133222690e-01
4.245434168508626649e-01
3.073187531493142347e-02
3.124095022166701319e-01
-3.944876321304067734e-01
-2.403248604621784773e-02
9.917374276182239212e-02
2.709154899026351981e-01
-1.128734146960731211e-01
-2.671255504954471449e-02
-4.563703405604428026e-02
1.898353764502804797e-01
1.946686793176076458e-02
3.664215730205864219e-01
-8.303214269562579630e-02
4.887085328249973770e-01
1.199877586960677728e-01
-1.448650311467492291e-01
7.201550171246928755e-02
-1.149609730863706686e-01
-3.561612102243920108e-01
-3.228588743330815247e-01
-3.500892882977499343e-01
4.184844732832623260e-01
2.866549735983285330e-01
1.593167368761477798e-02
2.178536574966171979e-01
-2.095906567194336378e-01
1.427090179688629556e-02
-3.505599631313469078e-01
-5.388114867690873416e-03
2.438157340608609058e-01
-1.531172192901386064e-01
-1.358418592490052423e-01
4.094187945850250587e-01
-4.047990057836338695e-01
1.204976775376841724e-01
6.038194224214640977e-03
-3.011712862765513199e-01
6.830757550136334899e-02
2.367893790807703014e-01
2.511784086328829879e-01
4.101828203217720570e-01
-4.616848561559417918e-01
2.290909485671239337e-02
-1.034602718947478031e-02
-2.273358092580779477e-01
1.637136063934951646e-01
-1.658144519674898676e-01
1.606105126863752730e-01
4.559704477893054136e-02
-1.106881285420700939e-01
4.567300980672762134e-01
-2.017731744303409291e-01
1.001419386201365114e-01
-1.581692253728267938e-01
-1.777806380843484635e-01
4.421902139364697892e-01
-9.518032088880282182e-02
9.566133903475129707e-02
3.398980160493874636e-01
2.627271990685709491e-01
-2.297790782865866827e-02
3.774416493269747153e-02
-1.120938547512462524e-01
5.339633305342543768e-01
1.637130119088007207e-01
1.997228258505708010e-01
-2.475226609254571331e-01
2.148330799450361428e-01
4.646267985558026892e-01
1.174829217647047411e-02
4.276489432095642584e-01
2.833969414427416345e-01
-1.652280930198752884e-01
3.674944298570382850e-01
1.296422288578566451e-01
-1.494013082606440168e-01
2.190061911906525660e-01
-5.063330979220813377e-04
5.732149650958402454e-01
2.785151433455302361e-01
8.918984820304654004e-02
2.690148362345226030e-01
5.741051112564078407e-01
-7.638152107402727820e-02
-2.478303250150039050e-01
1.749339211088760809e-02
3.566371958973140188e-01
5.260612789812413315e-01
2.524527726833898367e-01
-1.091872387534551375e-01
-2.181599279724634188e-01
2.424398113505893404e-01
4.273105367609826843e-01
2.086381792915480149e-01
1.681930938191934510e-01
8.553363794727686376e-02
-9.475728209725571560e-02
7.635510274036239053e-02
1.560929830958619757e-01
4.498331830694673461e-01
-5.414143532321529229e-01
4.964919974872056274e-01
-7.284138341536201822e-02
-5.174495179255954591e-01
-3.216008109922273706e-01
4.790171028330476172e-02
-6.822679125978067805e-02
3.659833098412258456e-01
2.216490938636832969e-02
-1.196012930867424162e-01
-8.982506033356392472e-02
5.302306092820900929e-01
-5.604066276370169852e-01
6.304468911279957621e-02
2.261362346425030423e-01
-2.251974647052185780e-02
-4.852668068014016206e-02
3.483592008899864534e-01
-5.349008623730612533e-02
-3.149074813925624716e-01
3.538679178262245095e-01
3.756465277344852582e-01
-1.637424314137286840e-01
8.319372975505617829e-02
1.250227976526217255e-01
3.625053195542359274e-01
3.212315075125445341e-01
1.177372882753415367e-01
-2.593749407212293523e-01
-2.079948671653159692e-02
-5.073628332459225593e-02
4.967827790618947192e-01
5.962269150852862049e-02
3.768170366153336115e-01
-1.413957850229531632e-01
7.213390857941517909e-02
3.381231166103387115e-02
9.496269615517740834e-03
-2.590853065098974034e-02
7.685526950325682893e-02
1.484052220975403680e-01
-2.790300165664050258e-02
-1.739161504585562401e-01
3.223275815082359275e-01
-1.993832076620787874e-01
2.927122808744841986e-01
-3.918850465119453896e-01
4.277359478294708722e-02
2.255598820688506645e-01
1.007533565862098711e-02
-2.647404701394089899e-01
-5.224196453544224239e-01
-4.441731208746781401e-01
-3.960097385619156807e-01
1.848155536202957250e-01
-7.159603189023670822e-02
1.894991771573464323e-01
1.377162171809598601e-01
1.355916048492206982e-01
-1.073503031543509428e-01
-2.367645286722370734e-01
-8.937322365428958248e-02
-9.163542014807842667e-03
6.098113608280519848e-01
5.170702483548953454e-01
2.825579374944324207e-01
-4.913386020663431664e-01
3.758886998300458443e-02
3.042708223204745321e-01
-3.921920443569592574e-01
6.462158026583985082e-01
2.012382493840644271e-01
-1.587483726729016151e-02
2.447830223052925025e-01
4.793199298468172609e-01
-3.542786092209179172e-01
-4.336686190620362424e-01
-4.397528570199016884e-01
5.594586515957037862e-03
-2.150246231259070329e-01
-2.054886694760666987e-01
-2.346388563284728529e-02
2.408441893531504119e-01
-2.169658511213708174e-02
-3.231198059702397041e-01
-2.312883665796135468e-01
2.503450597308922720e-01
-2.509557080261284878e-02
2.586483906379041242e-01
-5.947109273857871525e-02
1.553610194392096855e-01
-2.620325209713542103e-01
9.811377507294515021e-02
2.585284450192997241e-01
-1.112564641775649898e-01
5.779560434035645178e-02
-6.819072562335666277e-01
-2.422368015231698979e-01
-1.236105216255241473e-01
-5.744019188589671171e-02
-2.025204117333764542e-01
1.990715227178528612e-01
2.033118242645584051e-01
3.805554973149280484e-02
5.886632721497128129e-01
-9.326522464418865455e-02
-4.365095121756548679e-02
-8.778284315952114558e-02
-3.587549083370720204e-01
1.559444953918989185e-01
-2.902412067375817473e-01
-1.644629505999321561e-01
-5.267480979757367399e-01
-1.128692777742737463e-01
-1.806471814620720651e-01
-3.053122958986435598e-01
