2.002308443012204897e+00
2.599043567067325644e-01
-5.907735258525163152e-02
9.621843996916422392e-04
-1.979840273944591389e-01
2.225520574073833469e-01
2.175510152896751315e-01
-7.224073874533951667e-01
1.143387747420491429e+00
3.806426954697489928e-01
-2.444144448154491389e+00
-2.125728708093999053e+00
-1.053462442497303586e+00
1.980598039425139067e-01
-8.707125785603754275e-01
1.597168791906946828e+00
-4.155588883682353463e-01
1.705556460533373286e+00
4.223915688969656079e-01
9.983939431718741320e-01
-6.702496401393653880e-01
-3.694365298167637812e-01
-1.629848307119013517e+00
-1.321843468780211084e-01
1.371095178477119259e+00
-1.621159793401482085e-01
3.406913790032182754e-01
-1.949780028840562229e+00
-3.216573056660275154e-01
1.811181905227721711e-01
-8.826533947278145664e-01
-8.014794598093848421e-01
-7.380480626760422824e-01
2.836714321271707751e-01
-3.308025297306640411e-01
5.872297348336552592e-03
1.403436442373106274e+00
1.682802148959335886e-01
-1.125313808198630028e+00
7.404520333394092324e-01
-5.684594990496006917e-01
-1.142010516579838597e-01
-4.382840660047623293e-01
-8.227063787841404352e-01
8.759033746181842384e-01
-1.232394489192347065e+00
1.691776428454148329e+00
1.768968566721253133e+00
-1.531805831281758401e+00
1.327729982189438163e+00
-1.046623851606578670e+00
-2.914606166510871343e-01
1.032651062965334265e+00
7.657125850933557132e-01
-9.845432121516620727e-01
-2.620548378816319746e-01
6.321657910463318597e-01
2.338175813245780166e+00
4.567334399556872704e-01
9.114868831242856073e-01
-2.656084894619790138e+00
-1.228322887387262252e+00
1.082914003912545942e-01
2.894522783388772114e-01
3.276818285373618855e-01
-1.391625422154006753e+00
-6.340830915650339517e-01
4.608890047686970415e-01
-2.544637949694941170e-01
-1.081107314534751063e-01
-2.151503407334679763e-01
8.409398781046918403e-01
-4.433684977388244741e-01
5.955170723431723045e-01
1.508999646434988628e-01
7.997626337661568885e-02
-6.429501660539687080e-01
3.576478007773715162e-01
2.417226315348550258e+00
5.003644288085524749e-01
1.504711899284034482e+00
-9.570467731087681784e-01
-1.077848412141336309e+00
2.957891112481542684e-01
6.606020241407892790e-01
1.629212609792519251e+00
5.891635778407904311e-01
3.611913456962643210e-01
-7.609175371638001728e-01
-2.585896872608982378e+00
-1.166270418353319460e+00
2.466868162857292490e-01
3.003399595017782753e-01
-7.866696488598827475e-04
-4.023740911577403101e-01
1.411414094928755969e-01
-1.256708639058557564e+00
7.720319342514002647e-01
6.513718234606918900e-01
-1.723179779404815148e+00
3.369419061960000072e-01
1.592671986419193830e+00
-4.099441506054788964e-01
8.193677730711779184e-01
-1.545789384569219993e-01
4.469033825365717472e-01
-5.651263090988154492e-01
1.597823503704808079e+00
4.558480974874835612e-01
-3.225219323217944078e-02
-4.715235777881047752e-01
4.758928951404800545e-01
1.209022366998999010e+00
9.912208544817490141e-01
6.162450748113065258e-01
-9.769358328863535501e-01
8.250758562911992833e-01
7.114590428123770405e-01
2.806287830413865536e-01
-3.617834334245831340e-01
-6.826872125452914108e-01
6.943115065546253684e-01
9.233445648255634852e-01
-1.725586124147575173e+00
-1.778695782947547377e+00
1.545196271875535654e+00
-1.008645548955515794e-02
-1.209733854677954162e-01
7.836464631952758664e-01
5.700307688369817827e-01
-1.913855388075242914e-01
5.823544111352823016e-01
-3.331569350592068768e-03
1.285175056414039174e+00
4.294408167477765104e-01
4.933917007285785195e-01
1.104652228999642105e+00
-1.042960855750557192e+00
-6.111259778060299519e-01
3.507487805879089815e-01
-7.454929555959238785e-01
2.611682971646953177e+00
5.185623755031391058e-01
6.344753257801797330e-01
-8.738643455750218225e-02
-1.138196550642014193e+00
4.816360890381643500e-01
9.839685068679759894e-02
-4.835804903870115634e-01
-8.746024501677315266e-01
6.069070847214506070e-01
-2.671101562168629595e-01
4.695951864700891876e-01
-1.229780315017061865e+00
-3.471890560317448388e-02
-1.058493267981877262e+00
-2.557428183528969723e-01
-8.893396314445323192e-02
-1.166069081714562194e-01
-6.053383681727951826e-01
-1.133094924362061162e+00
2.497365665513931743e-01
-1.533703479567154915e+00
-8.985272926187669595e-01
8.730229855368920600e-01
-1.910057652182947319e+00
1.732006240249001516e+00
1.078639596462100059e+00
1.681188036307091682e+00
-2.262431823432850264e-01
-1.403792226030715407e+00
-3.156655341190919728e+00
3.086739986930657834e-02
-1.811251737865238742e-01
-2.576112381918249650e-01
3.732744204206095429e-01
-8.082656821323024043e-02
-4.069585367530930142e-01
3.752884110977903753e-01
-1.582835990161866047e-01
2.269841575392861799e+00
2.149812527269583828e+00
-1.554652037623707184e+00
2.238690877601696161e-01
8.148303602198446738e-01
3.792739720111374946e-01
8.128188980196903168e-01
3.513913748554208794e-01
1.914372331827891294e-01
2.809049448809369243e-01
9.116298544867544873e-01
-4.536003532997978649e-01
5.862327010855121756e-01
3.969156866691390673e-01
1.195727070505644418e+00
1.017920604087853453e+00
-1.033697233318596531e+00
-5.562692017058395999e-01
-1.305131139538812324e+00
3.711869386794412473e-01
-8.014243232874664891e-01
6.372665622660833584e-01
-3.229700467576628320e-01
-1.658998740268265160e-01
-4.383708911146858567e-01
-1.022343677849063104e+00
7.089670431306263065e-01
-5.814339508699822856e-01
3.133657998867363514e-01
-1.529134332872058022e-01
-7.914840922123669298e-01
-4.406019825388501898e-01
1.173680978434835931e-01
9.433392674405178813e-01
7.946232467702918356e-01
1.574624286328064615e+00
-2.343827791552197670e-01
3.316328762604403013e-01
-4.678029071210371148e-02
3.560709419433643608e-01
3.828602882831887155e-02
-1.434139349586579959e+00
9.095834674086782368e-01
1.973750236803189173e+00
-3.780813572404412293e-01
-2.665729733805611290e-01
3.993520065830389321e-01
5.566131300275773963e-01
-5.217597664091088161e-01
-1.091974491946788195e+00
-2.541971720969405268e+00
3.934174128918360713e-01
-6.345590698273435581e-01
8.006615127871553605e-01
-8.445953817182531020e-01
1.894722246189313175e-01
-8.808498904165142918e-01
-1.500158646676031104e-01
1.276097674981654162e+00
-1.124590083729420709e+00
1.207813029671006566e+00
-2.183423177952438454e+00
-2.029439230429071206e-01
1.253770468910291314e-01
-5.174736469771473724e-01
1.314419011164387641e+00
4.022595338576684942e-01
9.066771190988347495e-01
-5.756325816468855772e-01
-3.637562663803619034e-01
-6.832923341169330200e-01
-4.797563914751347136e-01
-3.352734309932905443e-01
3.057801078731003375e-01
1.324479580565490533e+00
-1.695035617005785422e+00
6.710895918627213241e-01
7.331367669961291744e-01
1.668838946497931630e+00
-1.323425956859961117e+00
3.191410924022746731e-01
-6.227726686966482683e-01
1.463106644734830430e+00
8.219466467543793536e-03
1.547830960112653864e+00
