3.972635225815364102e-01
3.010382282561541722e-01
-1.957374119456893324e-01
-1.067227014945010821e-01
7.708221479960081224e-01
1.602552861690788311e-02
2.590018775652733196e-01
-7.164643178073039076e-01
3.627421904722489820e-01
7.014037027773522004e-01
4.819204424376046236e-01
4.856093583950359949e-01
6.125943426617806997e-01
1.560349427763462637e+00
2.015246866447729102e-01
1.671754642271300051e-01
-5.769309305629846119e-01
4.661131913222095746e-01
-4.457310346530659606e-01
-8.971387397217974735e-01
-1.685702347652371369e-01
3.481794286601401223e-01
1.336888537488170936e+00
-1.694430750179345857e+00
-1.447040060444307052e-01
9.808406730173597765e-01
6.514277039177943651e-01
3.091138854616166665e-01
-8.309552499095949063e-01
6.653944240465566873e-01
3.428776092897265482e-01
5.099092272777457080e-02
-1.075717668027458690e-01
-3.821260335609552583e-01
-7.941632592896596954e-01
4.542726408285704953e-01
1.184682263122019075e+00
-2.952853494004029772e-02
-1.448827805183286799e+00
4.713194700936730874e-01
-9.704447662175157419e-01
5.071325706419946844e-01
7.726477722828178907e-01
5.473105406543637974e-01
1.082563170064811953e+00
3.336145572590690223e-01
-3.427132092536929742e-01
5.406181880150697783e-01
2.389047450831754960e-01
3.658297177910204145e-01
-3.766681543866571835e-01
6.271130618275736479e-01
3.282853178998161314e-01
1.136840860043789370e+00
-1.093817732090849315e-01
7.198992917058594232e-01
-1.121072103387080743e+00
3.366193161273408618e-01
1.000828204792953979e+00
-9.519182323254677947e-01
2.544817112515074947e-02
2.859866029053285130e-01
2.817173138246736874e-01
7.381372290218120025e-01
1.803978980018351164e-01
1.714262611644484791e-01
7.427922784392340660e-02
-9.599700396101888689e-02
5.120656109360587349e-01
-6.997263424577511159e-01
6.295773254079579662e-01
-7.215947323611866526e-01
3.527201817270281814e-01
-1.600824868326484740e-01
-6.282717670671754684e-01
-4.545941387610666351e-01
-7.057108730181140821e-01
6.647106938803526432e-01
-2.148675217901714618e-01
3.747615859956849871e-01
-2.294670191815341431e-01
9.269698901826793902e-01
-4.569315727505194880e-01
-5.013962013310783172e-01
6.790670722871653409e-01
3.170016978658046075e-02
1.164636299368884353e+00
2.582754032036657654e-01
-5.576426495007148487e-01
-2.003070617084582450e-01
2.171409340492012063e-01
-3.920292028197870926e-01
5.718996488308431686e-02
3.500900085677849938e-01
4.266276841843395784e-02
-2.343409413963590815e-01
4.614339699846131126e-01
-2.403773682306271364e-01
-2.995752267265301971e-01
-9.064696378232274254e-01
-8.522114278592205494e-01
-7.796873373810085939e-01
-4.249876794292417603e-01
4.272536663805938661e-01
-1.058005948757458459e+00
-1.145412893766346585e+00
9.096243311409099586e-02
9.031507070119101366e-01
-3.593240731987645264e-01
-6.042275249298619810e-01
7.994596467710024523e-02
-9.014133493951480558e-01
-1.130204694379006947e+00
9.758451138513185574e-01
6.847051208247552367e-02
-5.606785590313291268e-01
1.304779287170491076e+00
1.440259222389794314e+00
-2.895440733710470671e-02
8.459153485568224884e-01
7.339461881658938536e-01
4.134357649197336615e-01
7.991212047970325250e-01
-7.555736093434309297e-02
-3.137908178662616177e-01
-3.935117135305353231e-01
1.168088164764421011e+00
6.056445044920479720e-02
-3.543603190048171259e-01
-2.507759117301210372e-01
-8.856982478028697647e-01
-7.174062701285436328e-01
-1.666815873325283803e+00
1.473832030505216828e+00
-2.199521980759052558e-02
-2.026013872327881438e-01
7.607821039853203127e-01
1.022783628558876501e+00
-4.658307566251109755e-01
-2.104257538827633278e-01
1.089961682077642102e+00
-4.476801972967106025e-01
-6.348162114263078415e-01
5.098183522176450433e-01
3.092929247725225705e-01
2.045583596279650085e-01
6.847316344746549044e-01
-8.564199090041210161e-01
5.291414499517598236e-01
-4.823084340654436031e-01
2.529260876367524502e-01
-1.997912730475398801e-01
-1.122241703481854647e-01
4.737391815508967818e-01
-9.981143147935298554e-01
-8.717822738020157836e-01
9.425726926677436834e-01
-2.193579596112974761e-01
4.555951599241529759e-02
1.396962467136674269e-01
1.862396612281162767e-02
-8.592861140145554577e-01
-3.091057680854843448e-01
1.573126940272931151e-01
5.632034017209915921e-01
-6.094582769982889170e-01
4.824401481621326537e-01
-6.972972619623395429e-01
-5.964736508672615622e-01
-4.276250286983928617e-01
-1.456779529767327830e+00
2.696656382460252410e-01
9.261422457294883337e-01
7.712310774843209593e-01
8.762908760280220255e-01
4.041500433738347553e-01
8.933881428655052748e-01
-5.277177645453504651e-01
-1.544358324880909239e-01
1.822345600725667758e-01
3.864576518542325312e-01
-1.079736710579228598e+00
2.468504809599406102e-01
-5.919591728027503302e-02
4.612979899018381236e-01
-6.255746485910077537e-01
-7.136954252255869324e-01
-2.237016421623126139e-01
7.160706280153122938e-01
-8.290059704796693962e-01
-3.779304383788407717e-01
-1.540009568905294612e+00
-5.529352152094961503e-02
7.307290466176140642e-01
4.218476753052743944e-01
-5.019212867474598383e-02
2.965372544459202730e-01
1.068521137416497124e+00
6.393367765862243424e-01
1.965591240204083823e+00
7.442889171214317479e-01
-2.616490857004604709e-01
6.263845173816877665e-01
-2.471669782254510284e-01
4.532634017580999264e-01
1.818859163122584222e-01
1.527880007218493486e+00
9.920262877161708515e-01
9.467082028165566543e-01
1.952055118486065721e-01
7.285347042615984703e-02
-2.245745963744036011e+00
-2.261962766514173384e-01
-4.941572428870793510e-01
7.723331668962822583e-02
1.688494229425773208e-01
9.630688606135043295e-02
1.247820700130273658e-01
-5.974732554965186404e-01
-3.287203234628527371e-01
5.448883039202703227e-01
5.936364440481879667e-02
-1.098830499526913584e+00
1.535116225434099424e-01
-1.621583935007361518e-02
-1.080472082421295665e+00
-2.006495577868449079e-02
1.007298248176284217e+00
2.905694597690455794e-02
2.540647347146473556e-01
-2.459089296939946379e-01
-7.998266238985343168e-01
6.156048536695495343e-01
2.849990424345695272e-01
5.095112545419315797e-01
-2.635058716109455745e-01
7.282476818517004125e-01
1.099071206417717272e+00
2.329487211196703822e-01
4.370919183695940458e-01
9.855213583399634603e-01
8.614225610344207196e-01
-9.882038491665187108e-01
-3.823529487249334724e-01
-6.448086415455832332e-02
-3.776741422355659461e-01
8.887062564552269395e-01
2.270114569214868872e-01
4.645857170543499226e-01
6.795428637850433606e-01
-3.762221005738405344e-01
-1.010728799483938456e+00
-1.272088395079701562e-01
4.688214362858799666e-01
-1.274222619264445466e+00
-4.779117069022513209e-01
1.726082004251753566e-01
-9.417135089506119272e-02
7.704570353436976937e-01
2.669306780894164510e-01
9.103319632534537242e-02
-7.583248371917905573e-01
4.485832024442443777e-01
8.681524982745406627e-01
-8.528880419849146355e-01
