3.811763553514886382e-01
3.838234035893371421e-01
-1.888379043629194953e+00
-2.127992625835997575e+00
-9.819004288083748033e-01
-1.314122146721383944e+00
-7.419948436293113403e-01
1.027929845733204006e+00
1.529637808347057149e-01
-2.478231913864232805e-01
-3.372605824358963500e-01
8.883032633432675906e-01
8.067998259353943435e-01
1.078031083602499329e+00
-3.593768141946521721e-01
1.887059382159618881e+00
-3.803625154962277932e-01
5.740947615335634246e-02
-7.599037905509635760e-01
1.974470969008286891e+00
-1.283205371570949715e+00
1.399051331642271911e+00
-2.788036415419151703e-01
7.467853432071194231e-01
1.067731757159488870e+00
-4.674833171937001208e-02
-5.732015717938699906e-01
4.405966547492404795e-01
3.301415412006638572e-01
7.490188829540703752e-01
8.993816905546158091e-01
-9.442960693230106894e-01
4.510339601140226917e-01
1.260526066136270718e+00
7.348418026812203463e-01
9.055795512410732551e-01
-8.937304255402999109e-01
-1.414482679358206596e+00
3.796030513485818547e-01
1.763104114100275899e+00
-6.896654331742843036e-01
7.782455867973756547e-01
1.311186102029715528e+00
-9.610000808285499296e-01
1.195157293034805335e+00
1.273002355328229918e+00
2.760931180934522167e-01
4.411078665674864618e-01
2.183859788315576922e-01
-7.633418032354815086e-01
-2.967754981339326137e-01
4.312316901564659521e-01
-4.491592780528517737e-01
4.211355398082983204e-01
-4.415585771333663256e-01
-1.192504615299138759e+00
3.170559331175824447e+00
-7.535375057196546100e-01
-1.100741841393837461e-02
5.855421340710831313e-01
1.070364353546291447e+00
5.740106786186137677e-01
-1.077093084110088750e+00
4.072939353624298042e-01
5.830424268163172385e-01
-2.045238449752780241e+00
1.647206178073433946e+00
4.849292946314016084e-01
-8.946183462311461110e-01
8.630947500553853846e-01
-1.723895516212006651e+00
2.496878404338901958e-01
-4.252293902099553713e-01
-1.906636872710904429e+00
1.716604269066356103e+00
2.692680842909345174e-02
-6.683999263420664638e-01
-1.041967329137034159e+00
4.001261755168913914e-01
2.787757366225904754e+00
9.141758909779592601e-01
2.767214175159071754e-01
-1.541665116696025795e+00
-1.205743626494465703e-01
-2.527939670738377220e-02
1.544339346173105199e+00
-1.092149397799483168e+00
-3.851171811574776171e-01
6.006220029470421551e-01
-4.434746385840138139e-01
-1.607578092915675771e+00
-6.394260328541887528e-01
9.630233170523316844e-01
-1.073169961899998803e+00
-1.342894650211464702e+00
1.971838829114937464e-01
-3.288932007805474012e-01
1.911428858551008636e-01
1.719292948707099589e-01
-2.079205459847640380e+00
1.792629327790756344e+00
3.376330151413100000e-01
2.012533850010290726e-01
1.081121721415296166e+00
-9.662009228909838043e-01
-5.381646760301506127e-03
5.055322866738779508e-01
-6.237822213802656224e-01
6.166124220831703528e-02
1.357385802410276288e+00
9.718859421462437975e-01
-2.109016603529914491e+00
1.646227162144344724e+00
-1.919708552939006774e+00
-1.167595733983425754e+00
-1.268962521828780110e+00
-2.131613340422973124e-01
-2.533490357320781872e+00
1.104754336511782675e+00
7.464323430290131789e-01
-5.827706029616082084e-01
-4.053813875966922886e-01
-1.579506586739485852e-01
-9.706304473876546934e-01
-4.594565738034595004e-02
7.816781914813359933e-01
-1.700916986775934170e+00
9.316728708040088458e-01
-1.752203863029190067e+00
2.772976943101437830e-02
1.531143041818307626e+00
-1.199669562643187692e+00
5.901290650117692049e-01
1.418098813722726836e+00
-1.748122352723132100e-01
-5.791433753192840039e-02
-8.929776054240368133e-02
-3.311315041367971501e-01
-1.394334193408184763e+00
-1.501621456140310507e+00
1.761063164035389761e+00
-1.992157679903463485e+00
6.725385385169929675e-01
-9.972795154288519592e-01
-2.306923047653941516e+00
7.093767014236953550e-01
1.449259167822972483e+00
-4.650242045500862509e-01
1.024319867908166093e-01
2.466217863003829502e-01
-1.131891022692024462e+00
2.002170450365847731e+00
-1.228648180443725479e+00
-2.008123621546840099e-01
4.983238495052622063e-02
-1.218724693974141626e+00
-1.546433586753976019e+00
-2.595077252151686831e-01
-9.197604288388275817e-01
4.626871274966556369e-01
5.971910744982991126e-01
-8.118387231143793237e-01
-1.904501748502397840e+00
-1.822091635476008609e-01
-3.856650909384486126e-02
1.099943299037517974e-01
1.184533170822938963e+00
1.165211918306035654e+00
3.112353305936662595e-01
2.637140654736743750e-01
1.845350361486969293e+00
1.089897031330026467e+00
-5.496982759110810024e-01
-2.417833374205330677e-01
-2.353923692698614012e-01
8.553141382493105738e-01
9.400103441119367353e-01
9.197321864413103842e-01
1.963670996625846987e-01
6.653935446372071238e-01
1.184861345817571632e+00
-7.237751326370723826e-01
4.298267153526262319e-01
1.009476959776192340e+00
8.675526679043952250e-01
-5.621678034680034353e-01
6.205629343564502687e-01
1.546669951524667130e+00
1.976571098665020010e+00
2.194777962012343764e+00
-2.898700619314438232e+00
-1.298858179570764770e+00
1.204395631525295274e+00
4.863834971429906728e-01
2.299308813722397149e-01
-1.355374733485545491e+00
2.485399361895527459e+00
1.934806013540705916e+00
6.841169335088725934e-02
1.355980750415158864e+00
-4.644436511643083021e-01
1.832669683979950004e-01
-6.946402134156755004e-01
-9.041795667323208052e-01
-6.058539796934536703e-02
-2.518345324363559512e-01
8.986271895190098835e-01
-7.238115585797326723e-01
-2.354865962685182890e+00
5.056739173790304465e-01
-1.046014333403780361e+00
-5.480382933608268781e-01
-5.313305613555716622e-01
9.539579602330536812e-01
9.500196682985916352e-01
-1.465507865299264800e+00
-6.334263726990456700e-01
6.542534090245042400e-01
1.442365053918229334e+00
-1.349369059857414399e+00
-8.994426498624947808e-01
-1.016960798945700573e+00
9.773546484980024651e-01
9.208311013461181194e-01
-9.165650001255274404e-01
1.241893408578731650e+00
1.204159154945029897e+00
1.090004658100029777e+00
-3.607456742492687329e-03
4.762107341455964482e-01
-6.133362890706260950e-01
1.367472654118348507e-01
-7.111217504354445662e-01
1.918200654845692688e+00
4.831999656874282900e-01
-1.366439867730656177e+00
-1.311097587206700776e+00
-1.196702938254267545e+00
-5.594319545795956028e-01
-4.153914493974892874e-01
-1.642074913444753648e+00
4.309709066618357953e-01
7.262806991095605014e-02
1.285294997033368247e-01
2.576078228412292503e+00
3.657610724123630530e-01
-3.974688701151787851e-02
-6.157191436324651601e-01
5.727273932733293327e-01
2.565258228716079669e-01
-1.299889132417456183e+00
1.851972335000334979e+00
1.426889498325399463e+00
-6.518957828169126278e-01
-1.771918694202380684e-01
-8.973481117609481972e-01
-1.305477632384426379e+00
-1.706843680196593049e-02
-6.393388898957377275e-01
-1.096805247964223629e+00
1.053433536264002379e+00
-1.835666560018868854e+00
2.491667725983130577e+00
1.161210022207588288e+00
3.414025921101917493e-01
