6.421108427710033872e-01
5.216205965257272315e-01
3.242834571319521686e-01
-7.366830637489085731e-01
6.734791314673649332e-02
-2.545013482881610667e-01
-5.988158780641577028e-01
8.881490917671250873e-01
1.866046173044932921e-01
-4.443231778562251044e-01
-5.689970832802542233e-01
-8.980291848396859677e-02
-3.966815774924099536e-01
9.138917318931683020e-02
-5.656620494433330926e-01
8.612937996461427215e-01
3.734419106884807604e-01
-9.989783826021529922e-01
4.308728834059396551e-01
-2.744880874619475275e-01
-3.216549697576218669e-01
6.459737132881311350e-01
-9.463650220815154057e-01
3.901017288929167215e-01
-8.509806801802601850e-01
1.358633891327643006e-01
2.404823248601424268e-01
-2.530095714934224027e-01
-2.907921038851306594e-01
-4.316709682500206036e-01
2.900701911640293229e-01
3.508934541397938922e-01
6.640945896284109473e-01
5.290571307263369771e-01
9.466639634476798904e-01
-6.216980491731409764e-01
-2.548527192990297507e-01
-8.692473226892518667e-01
2.446839641253446551e-01
-1.820220486667656346e-02
-3.501640172255413574e-01
-9.886672479002205360e-01
-1.763186255803217417e-01
8.275715367660791966e-01
8.271464472533536227e-01
-8.766734566744871504e-01
-3.940122358421354054e-01
-8.146861175189881177e-01
7.387661020301261594e-02
-3.470353355210524793e-01
1.866116195362832464e-02
6.318637989460964555e-01
-3.903563865539434463e-01
-5.063659379215235123e-01
-4.396079831313939312e-01
-3.902287942684468103e-01
5.445434841435439210e-01
1.676813099781977456e-01
-1.195058707094198702e-02
-4.598296747243966198e-01
-7.658480226818786818e-01
-4.266068384439818395e-01
-3.836008179270335994e-01
3.208775723456607221e-01
-2.311816720149479920e-01
7.704230081589216184e-01
6.048849295581542052e-01
3.498838296715556240e-02
-4.661604670999204281e-01
9.751449358625359221e-01
-9.888794468518005143e-01
7.726920388822995367e-01
-2.559837215928191245e-01
-8.246602019083175694e-01
4.193578856006192623e-01
7.251154634324885606e-02
5.742481022188841155e-01
-9.340421218936307834e-01
2.521771287831930941e-02
-4.031928942802505134e-01
1.739730868680597897e-01
-7.270398377768867437e-01
9.761122437566474019e-01
-1.710210279428181490e-01
-8.582193829155955189e-01
3.127221892063476449e-01
-5.459589628550998164e-01
-5.070930061938803135e-01
4.109202036852421802e-01
-4.288650644559923730e-01
-1.314286692220677955e+00
-8.928521797068750265e-01
-7.150785730045096100e-01
2.441131778321012025e+00
-5.435550640107698062e-01
-5.849333575252190220e-01
-1.093088258599803186e+00
7.772608100734045289e-01
-1.244194615178309871e+00
9.676782833043346965e-01
1.562410125232109870e-01
7.335377726179252988e-01
-8.274384902940694619e-01
6.412587973206445024e-01
-2.110304073475890441e-01
-3.939496947026021045e-01
-6.955140357540373630e-02
2.813892140019531585e-01
1.016098698714343884e-01
-9.670638462148034575e-01
-3.614443181189387899e-01
-2.040944436246436844e+00
-7.971738175713702912e-01
-4.548751932702113088e-01
-2.326592706549723832e+00
5.284197841305446897e-01
1.359348813249790844e+00
-6.647777640979727343e-01
-2.088928100096941520e+00
-1.843075216934805027e+00
9.869402082109071106e-01
-1.013231736329525956e-01
-5.199024244330385791e-01
6.815100327783765177e-01
8.203438507567039073e-01
7.184190566115691845e-02
3.669044853759915181e-01
4.453107254283521499e-01
3.037978864025544512e-01
1.087497117922329393e+00
-1.507545841821551047e+00
2.203157054106398505e+00
-9.191433906544637100e-01
2.004372453305654833e+00
-2.368197250290730027e-01
-3.272944422909474516e-01
-3.216611237902648468e-01
3.990420670730854269e-01
-5.662678992291950708e-01
-5.620259018968180031e-01
-1.346561022771892269e+00
1.925831209519100806e+00
7.600862719677821122e-01
2.119502566855030745e-01
-1.732434448510683733e+00
1.117137876616412173e+00
-1.479306028016211583e+00
1.659860760710861749e+00
-8.433288638939949733e-01
-1.915281339248496029e-01
-1.999964816495983788e-01
9.961848193019878783e-02
5.446060564882659882e-01
2.056954552497883171e+00
-2.019602575070760686e+00
-3.871550584549563467e-01
-1.461750095094491941e+00
5.276372119830203822e-01
-3.779977954619521130e-01
-2.358354766822266413e+00
1.765228429431306978e-01
1.607812537703155353e+00
1.553885865034555058e+00
-1.973720584985888538e-02
-9.422280158296880703e-01
7.860615899256533368e-01
-2.405262278489546990e+00
1.061527392102955769e+00
-5.575050100495924088e-01
-1.191091108366823414e+00
-5.267240540062325671e-01
2.048617261806772394e+00
2.088291460296280100e+00
-7.882617115020262855e-02
-8.409808314338635959e-01
7.852335621596808757e-01
-2.498081118304865456e+00
-4.778268194066468966e-01
5.513302033396475510e-01
1.271133632886495723e+00
3.893733914549236119e-01
9.555902098469565287e-02
8.148720194650378446e-01
5.779888374241980431e-01
-8.654337656058699313e-01
1.797703285724862265e+00
2.600783744562243927e-01
3.364701019329041087e-01
-7.389888775994550851e-01
-8.895021570077044082e-03
-9.288155205121902958e-01
9.906409396718504068e-01
-3.869222008209761698e-01
-1.757182707614956430e+00
-2.809535932056903995e+00
-6.956466271779039312e-01
-8.234504682548267063e-01
-1.234740318392019809e+00
3.467646067372878171e-01
-9.962348859069325435e-02
-2.193266853527008342e-01
1.393520706368107875e+00
2.405752435249238763e-01
2.081260358137011490e-01
4.398071919709500843e-02
-1.097892826577137271e+00
1.310290909716089747e-01
4.885631425695353691e-01
2.582634201063674251e+00
-1.340229186879939194e+00
-3.400404382750008003e-01
-1.323166345281494571e+00
2.229409712625208595e+00
1.536625963344121715e+00
-7.601952225163198795e-01
-6.318582440397614297e-01
2.935944697688038563e+00
-6.238091144765334217e-01
2.072348963224497354e+00
6.116448532328079279e-01
1.187930237235454545e+00
-3.487555974429874972e+00
-7.213816842172364741e-01
1.159289474044387314e+00
-9.573527753634121229e-01
-1.445950835492295639e+00
-2.688899715119233313e+00
-7.234497855311153858e-01
1.573985389975385729e+00
1.210129235176082174e+00
-1.725020604614261099e+00
9.707886860302296084e-01
-9.782703203964322469e-01
4.893311745071420304e+00
-2.276902535466054367e+00
8.627815431852152717e-01
-1.771935103317858307e+00
-1.936407655391722216e+00
-9.799550050722919403e-01
5.136118476919324660e-01
-1.000992347548909978e+00
-2.960671033045115585e+00
1.158710289193967569e+00
-3.570122715711192551e-01
-6.636284641225083103e-01
-1.366897618450439555e+00
-1.390071694770139032e+00
-8.211792383288580854e-01
-2.825028454142000545e+00
-1.711692457650821453e+00
1.674718999777035089e-01
-1.058738694915838607e+00
-1.056841716015594734e+00
9.236953660755774509e-01
4.643939600609841012e-01
-5.243921997452510864e-01
-1.555124311632309020e+00
2.207933563492398221e+00
2.916159167770287830e+00
-1.786866921203680736e+00
4.387503745506147190e-01
-9.842229632879522239e-01
1.219465702928755890e+00
2.058319017590458100e-01
3.465849635680459118e-01
