9.217990106907807402e-01
-7.161989777049537764e-02
9.743668339949240753e-01
-5.603097093631250747e-01
-5.131685230024540800e-01
8.901826585068230990e-01
-4.426765632508331549e-01
-6.843111713487104453e-01
2.604949721106533111e-01
4.008940905412865519e-01
-7.405248435776747851e-01
-7.813495820343328013e-01
-1.280388168408277405e-01
-1.932022117774503389e-01
1.798561353486498593e-01
5.187438207435774995e-01
1.919231768902907032e-01
-7.670117767943247511e-01
-7.098319112238646866e-01
-5.956367377884990155e-01
7.253826195362922391e-02
-1.707279901451619342e-01
-9.302705128748738339e-01
-1.160802971510901394e-01
-9.385086315183299721e-01
9.290744814580629285e-01
-8.533553856055371423e-01
2.954160200790050261e-01
-3.907272910233183794e-03
6.649661358238958542e-01
-9.764110916057171519e-01
4.837321126093936385e-01
9.406714433383669416e-01
4.672099352253649140e-01
-2.396175125581152532e-01
-6.675561555319695639e-01
2.838675721631978011e-01
2.459535801681902445e-01
5.066797795638855462e-02
3.703603267429400603e-01
-2.191538442764784378e-02
7.764517809933511039e-01
-8.440823023680110726e-01
2.493436116957046256e-01
7.290322247227998265e-01
-4.834962736877630451e-01
1.287316232269335448e-01
4.072113280894171794e-01
4.327695972084617537e-01
2.366079067474915476e-01
4.461339481274473329e-01
6.870778186003814181e-01
7.853319861309244754e-01
2.180873752588263770e-02
3.080014336465881630e-01
-9.059958734860784624e-01
-8.050477095581853870e-01
-6.262741636839557202e-01
3.014465725720407718e-01
-6.755827331143349213e-01
-7.924503621426508548e-01
7.550873762195735583e-01
-5.413186649718852994e-01
2.021890638104562044e-02
-2.443476193709042121e-01
3.180603260154239997e-01
7.065909724478784959e-01
-1.465519303276381358e-01
-1.029228216666506768e-01
-1.475234976716834900e-01
1.389956425518157346e-01
-4.104750872341300649e-03
-7.846261089276760359e-01
2.753845348200711918e-02
2.278555243835802546e-01
7.474356746083743452e-02
7.318244969651881426e-01
6.795319365621381724e-01
-9.396340314439222130e-01
-7.298963946781733547e-02
-5.240303365546017389e-01
-6.114813405453050077e-01
4.704768700317683017e-01
-6.320013027653148541e-02
7.502980031139272477e-01
9.795495885463172403e-01
-3.003441945623033238e-01
6.432146095216579873e-01
9.949712127208525381e-01
8.098427607823217578e-01
-3.203615279500500179e-01
-6.611259689748387736e-01
6.654541065217964846e-01
2.402734962456942736e-01
3.933160305748018004e-02
7.206519995189339944e-01
7.585167056835844246e-01
-7.686961549045538966e-01
-3.269467999263820923e-01
-2.858765434235590153e+00
-1.108180737703514662e-01
9.549776550995664470e-02
-4.830302290473230675e-01
-1.500998786667611773e+00
-1.193473494109288602e+00
-1.286795043621779877e+00
-3.420344628430590506e-01
8.449766416298468141e-02
-2.719351389239554884e-02
6.883948054123221194e-01
-5.012116784790769941e-01
-1.078565832590584028e+00
-9.710372334343095879e-01
1.159869509240212260e-01
-1.485739596828861142e+00
-3.003058469463032454e-01
-2.239461510086859342e+00
-5.397931720922737320e-01
-8.473560008777689667e-01
1.767957497826269542e+00
6.611849550859290048e-01
-7.002564980567060893e-02
-1.348135713279936088e+00
-3.765290084966310680e-01
-5.080992541594941958e-01
1.082566914898701604e+00
7.195645324181414171e-02
-8.807058942327998796e-01
-1.001998239840702132e+00
-8.603069624507622137e-01
6.537354947567241004e-01
-4.936049851396022703e-01
-2.904622863938939314e-01
1.507655235616709000e+00
7.704521317932394586e-01
-1.238170596451435790e+00
1.135082579609368425e+00
1.563606000683812614e+00
-2.785836336907747679e-01
7.038928066290743857e-01
1.051201555717974356e-01
1.487394563426146510e-01
1.729182030292761629e+00
5.268207062725925871e-01
1.222699094952163668e+00
3.382554289687715432e+00
7.788339099885126515e-01
-1.460525234449311149e+00
8.603840424970500278e-01
1.157609315720263821e-01
1.576534528040544947e+00
-2.408695649064668820e-01
-2.750838018675768604e-01
-5.370505189079699537e-01
-1.143873502403885967e+00
-1.090477094366660182e+00
-1.352340648990421279e+00
-3.106158505485971943e-01
-6.627694543250353121e-01
2.096600502799433885e-01
4.853706804244973805e-01
-2.193315269897477382e+00
-7.068678119036619911e-02
1.276638300856502317e+00
-1.001713352723509809e+00
-3.770314879179494927e-01
2.113706773786755200e+00
2.453240747058604843e-01
1.449625862703271428e+00
5.841550188406890998e-01
8.693599319768613443e-01
1.300699661482933145e+00
1.925604922274416930e+00
7.517367131677513692e-01
-1.949542681974316460e+00
-2.255423753930106967e-01
8.268343657674377400e-01
6.674306938082311680e-01
8.325718122559786494e-01
4.945624750171635498e+00
-7.649326573455031975e-01
4.463122001163706831e-01
8.240870195156402289e-01
4.446869565527912793e-01
1.432220483596916560e+00
6.131965272988877391e-01
-2.782201791461301199e-01
2.725727816989458874e-01
1.777806675820635895e+00
-5.696203233267480570e-01
-2.906455840263154067e-01
-1.233310287347969325e+00
2.265725096442805508e-02
1.070705379201690954e+00
2.855221625100867744e-02
7.757839820817207244e-01
1.481875061744523547e+00
-4.215113739086500111e-01
4.455352369244317545e-01
-1.293499662730044908e-01
5.971868205750260339e-01
6.541369163348076388e-01
-5.524831694268736992e-01
1.635715995584829496e+00
-1.259196812592566550e+00
1.345186505861017678e-01
2.462276765940566992e-01
1.155231644748043185e-01
1.545311397742573423e+00
-4.007649925139080693e-01
-1.526707835713266403e+00
-3.354926615456899075e-01
-8.404422158017543776e-01
5.394141200321936891e-01
1.310967127334891069e-01
-1.870771354542506426e-01
-1.524932321280804692e-01
-1.953968174710507766e+00
8.871637460619553606e-01
-1.303115887416949503e+00
3.765944593566177834e-01
-5.870571800941237761e-02
-6.391232359382066353e-01
1.021329206928710764e+00
1.052701608343292516e+00
2.122317545065717237e+00
-2.104998009504506218e-01
-2.037547053981187684e-01
-5.329258460484044557e-02
-1.978034538423064426e+00
-5.394370431512431896e-01
-8.862028748540216050e-01
2.427039342437182778e+00
3.666836940689566227e-01
-1.130770352605703133e+00
9.139436540466521208e-01
2.968261435686647687e-01
5.725425389572573742e-01
-1.510857384454012520e+00
-1.374566763432128802e+00
1.589267661852529212e-01
2.176359949523458681e-01
1.868979967125429242e+00
1.402322499158996649e-01
-6.020790739076176123e-02
-9.678658124997221446e-01
-8.482954030575198257e-01
1.010748301254786652e+00
-1.251623605990467070e+00
-1.882242454659271536e+00
-1.261413119702249341e-01
-8.598059850777961532e-01
1.308569431525159033e+00
1.704752726761890713e+00
7.279468982097426766e-01
-1.166461354206423273e+00
-4.411589452844419945e-01
-2.380652484823366777e+00
2.763565888109770219e-02
-1.508544948594710000e+00
1.039169590043609759e+00
-2.000281026001388129e-01
-1.124957956227269351e-01
1.701098806375399342e+00
-5.467952135811648962e-01
