-1.282222631149106284e+00
-3.299658594158368929e-01
-1.662905907539160566e+00
-3.938717976182271041e-02
-1.022843392071991930e+00
1.122243706157763032e+00
6.603861222496885119e-01
5.444972866320016980e-01
1.776334011401076718e-01
-9.840757712820709102e-01
1.276547718653309405e+00
-3.807382051414514579e-01
8.644535075651013090e-01
8.352975513557723275e-01
-2.926961298782450704e+00
5.976020546821639856e-01
-1.806367363966963735e+00
4.384253994927074238e-01
1.514485518285968224e+00
-8.300876231361087321e-02
1.265802698327894271e+00
-2.190584238724826882e+00
1.393916866920029474e+00
-3.698717092906500525e-01
-4.551085453800405300e-01
-6.157565273309351106e-03
-3.746713603452640484e-01
1.879381921119044341e-02
-1.353187878117094955e+00
7.520643227379668616e-01
2.337005552642362760e-01
-1.061932949510659085e+00
1.071323172855642991e-01
5.436374721384861219e-01
-6.530407258888466515e-01
2.399627341221237109e-01
-1.014957210984711589e+00
4.105448121289699825e-01
4.820815109058197434e-01
1.204386447479300237e+00
-9.155683309403962467e-01
-1.824007454776037929e-01
-4.175062813727732358e-01
1.109771352759179264e+00
-7.744883810624956233e-01
1.178005380245410016e+00
-2.220970529011261796e+00
-1.336917668073958732e+00
2.234233386539302924e+00
5.428663892966633098e-01
-2.981673858532536969e-01
-2.218944265389024562e+00
-9.653871941379171817e-01
1.392830016459411846e+00
7.123770084771439137e-01
-2.310419463498283865e-01
1.578296534503352833e-01
4.463002407776703873e-01
1.270588619488852489e+00
4.858370657678937610e-01
-6.341506351892756133e-02
4.844879875533882885e-01
-4.220256306700601590e-01
-2.461271334217246809e-01
7.110477668011246921e-01
-1.888401410475364917e-01
1.277725295216699086e+00
-5.536168308137984218e-01
-8.193226867956826531e-01
-4.907007115501961225e-01
2.629702826645073932e-01
-8.343050537108331888e-02
1.459572120925821670e-01
-3.037181136041407492e-01
-2.620633869302149699e-01
4.814161967258001051e-01
9.701312361283975783e-02
4.477054936304808996e-01
-9.482004975500702981e-01
7.527602010556468937e-01
-2.304639151609405801e+00
7.145836927052895415e-01
5.374149643588629344e-01
-1.185583754635975318e+00
-2.107759563731037566e-01
1.549147117249936589e-01
-6.224606950693211127e-01
-4.275639044386760901e-01
-2.000966783364247270e+00
-7.206407289627945190e-01
9.762627374382581991e-01
1.745354778687136843e+00
1.751405910177279868e+00
-7.720642040298469899e-01
-6.499606054203551642e-01
5.936944310345009246e-01
1.302517664007081688e+00
-6.911797395746968053e-01
1.721347849338119018e-01
8.716568032474096839e-01
-7.225276567401327510e-01
-2.228669504650964972e-01
5.236324338917884846e-01
-2.811019555000114356e-01
-1.098229544012653269e+00
-1.247583946429932755e+00
1.290832731819123058e+00
1.073331139416421331e+00
-1.102330185517497396e+00
-8.650204724120531541e-01
-5.452742687803576738e-01
1.437300173232876954e+00
-1.342803046014839019e+00
2.567330623920756616e-01
-5.395953657294730865e-01
5.041069662162845910e-01
2.747905415143925972e-02
1.575475188574609664e+00
-3.647166418275988309e-01
3.052353327433433017e-01
7.139301883540418725e-01
2.053272568350617000e-02
-8.825081449650334919e-02
-9.799971649959053899e-01
-7.913970604690698241e-02
1.563075298953189529e+00
-6.334319153859950813e-01
5.960297294148980685e-01
-1.074413723825623501e-02
-4.059896869082694759e-01
3.300607369967593629e-01
1.135437479639242353e+00
-1.247197593893561107e+00
-1.771346450215179003e+00
-2.407149915544795349e-01
-2.677572760476326086e-01
4.298275661926845292e-01
8.340839578261532994e-02
1.208720743414252619e+00
4.994158857759445347e-01
-6.972306229694369417e-01
-7.181454781781031471e-01
-1.379663342081856259e+00
2.025885465285770959e+00
-8.412506235633825380e-01
1.818823131427618200e-01
-2.809712969782917624e-01
1.754297099970107132e-01
3.024311907475489281e-01
-1.672669280469580411e+00
-7.813090354305114449e-01
-7.988356520762935897e-01
2.084492106079181006e-01
2.377611196561138840e+00
1.092891854973610799e-01
6.740119266609227999e-01
-7.257784584164553299e-02
1.226046314989065467e+00
5.169499635535205195e-01
1.169984930691092329e+00
-1.332036228546621848e+00
2.350660740861980624e+00
-6.120807652175191960e-01
1.041369781155774693e-01
6.389169603197425440e-01
-1.313334809440340534e+00
1.512563973343695967e+00
-1.264678745323506437e-01
-4.908157663537303650e-01
4.333181194321213958e-01
1.468554422865998355e+00
-1.567748575705684821e+00
-1.268295209020379621e+00
1.443583214897406819e+00
1.082303307588047492e+00
3.289653813180504205e-01
2.673691373279113992e-01
-5.817024096813365741e-01
7.472834642642772751e-02
2.172301568112305348e-01
-9.524353412049098022e-01
-7.023302217374913781e-01
-1.019948024132375730e+00
-3.563731695648073017e-02
6.394054281638411608e-01
-6.269199046132246655e-01
6.184524883911280968e-01
2.293664162067436674e-01
1.572121249313642721e-01
-3.653723611621982892e-01
7.774773833921694299e-01
-4.782333079831019851e-01
1.985352540404134447e-01
-2.006188176928232814e+00
1.438662200529743584e+00
5.072414648075407317e-01
-5.684769663771003234e-01
-1.893943786132521012e+00
-1.281244976592749385e+00
-3.929503232368297128e-01
-1.486339055984955193e+00
4.398326917243347012e-01
6.189879938547142579e-01
8.541723088196442326e-01
1.043295255622662898e+00
1.728783104176321861e-01
4.627717038880234668e-01
-6.985222620581014175e-01
1.066665315463161567e+00
-7.775239541521891118e-01
-4.031127913347264946e-01
-4.527096247692588560e-02
-9.078863467068720716e-01
1.803397180032916713e+00
-1.645655307090639896e+00
-3.009722994990592926e-01
1.474685378214924070e+00
4.856283765629215710e-01
-1.260587569642063199e+00
1.022489387511086867e-01
2.353100543921103238e+00
-2.333740565354301744e+00
-2.037590180013775232e-01
5.828716085466527641e-01
4.153460746175747786e-01
5.331534398411016396e-01
-2.765489125364928857e-01
2.862304099327187767e+00
-1.479118813640159236e-01
-1.137583029885937513e+00
7.893317223257216853e-01
-5.408444868197235245e-01
-1.473669284460299211e+00
-2.607233645462182503e-01
9.774471480948290214e-01
8.784776248588671566e-02
1.089954186019086224e+00
2.610447364451770058e-01
-1.146399797072997107e+00
-1.354379574173389056e+00
-9.373153270671634729e-01
3.657500637752070238e-01
6.158377688800936722e-01
5.667337148124439450e-01
4.606823938673444974e-01
-2.474018800184925593e-01
-5.436938489420767295e-01
1.115331496704311753e+00
2.425022825543355243e+00
1.002996670868678164e+00
-4.063533877361520941e-01
9.332579345968139428e-01
2.212983391987651594e+00
6.048819196595199843e-01
1.175175818859227617e-01
4.467112370901554219e-01
-1.617572837117317031e+00
-1.364290209880068439e+00
-8.582016460577315264e-01
2.313988117273167333e+00
-3.897808600113944477e-01
-2.894031329814109599e-01
4.696128568083035582e-02
-1.192139793479061849e+00
-5.447215362038000386e-01
