-7.969237015177341732e-01
5.291865929380579203e-03
-2.108336858891739496e+00
-5.314222190395552214e-01
1.060024579381012799e+00
-6.744972229192744972e-01
4.850254167343535094e-01
3.251932608741990860e-01
-1.560761043458792185e+00
-9.976396293981788510e-01
-3.626902308001855868e-02
5.039572193318362370e-01
5.831577705519558341e-01
9.761430546548006681e-01
8.420495864079995396e-01
5.106664656430148774e-02
2.346186706260455779e-01
-3.357568353388793447e-01
1.207961779550673631e-01
-4.519193898835907053e-01
2.833638256099848540e-01
-3.546117472696597162e-01
6.526716313364824273e-01
3.022351296071095206e-01
-6.811190852966586551e-01
6.488404773447360441e-01
8.014135834869229313e-02
-7.853896648660518842e-01
-8.634214199527026068e-01
3.085430072333876783e-01
-9.574275128373384014e-01
-4.655994559535971966e-01
-4.803345740096121030e-01
8.847044845160638715e-01
-8.970205098942849453e-01
-7.591756173481429837e-01
6.755537258617263507e-01
2.879362720825673350e-02
-4.258789358251835466e-01
4.843331353860400590e-01
-8.177547456582023866e-01
-9.184810684734401320e-01
-6.431913351438272031e-01
-6.150049224768820988e-01
7.635648594136366096e-01
-4.138459145853063958e-01
7.245318400306759443e-01
-6.800243850996501305e-01
6.107289824459569694e-01
6.903254893846995088e-01
-7.912405096242627334e-01
9.171205689202954758e-02
8.716352186499496391e-01
5.061390301805988035e-01
-4.146635333720107841e-01
-6.289906356166010681e-01
1.658311683886533050e-01
2.959216835036126980e-02
-7.883388197329301850e-01
-7.323789739284796152e-01
-1.336316844770919499e-01
1.998551172099471973e-01
9.590311313927588621e-01
-1.822466059618828016e-01
3.228465863144094339e-01
9.407400470744256005e-01
7.032107672365648376e-01
-9.554104439327180121e-01
4.319996888379344924e-01
-2.286108286750396790e-01
-7.678619494955407632e-01
-4.261102984250257908e-01
-4.959702507601693178e-02
-8.152720329017271172e-01
-7.523497190744699026e-02
2.033610817610123078e-01
6.045819795103015704e-01
-1.096559336863947021e+00
1.133781006878088249e+00
8.222432062150870635e-01
-9.746994823511900830e-02
1.458246898487658205e+00
-1.943769498578225674e+00
-2.795447575279824681e-01
1.323072325969768537e-01
-4.784506944254309224e-01
-2.716084118018133875e-01
-8.062558833021599147e-02
-4.512482935687154306e-01
-1.051216480107706186e+00
-2.944177153136015024e-01
-1.153979351563061417e+00
-3.673693353954696761e-01
7.600252127814177694e-01
-1.338303211716466379e+00
3.374383795801035868e-01
1.449298324060484644e+00
2.088859771193499526e+00
-1.187483803964172857e+00
-6.759215710550137146e-02
1.401584966634412455e+00
-1.579001830649420235e+00
2.227612801856301061e+00
4.760189667687724224e-01
-1.532238999183783701e+00
-1.281295097336743183e+00
-6.238346104351095711e-01
5.422700940297056071e-01
-7.573294553068354862e-01
3.326540320017347674e-01
-6.771413545426963054e-02
3.998137589866452846e-01
2.633327936042684225e-02
-9.792176398975935836e-01
1.185865740634166610e+00
-7.382972729323069583e-01
-1.472671348016476811e+00
1.655482111526371813e+00
4.439932478713241870e-02
7.549227045422497451e-01
-7.558368576461649280e-01
9.563527527645564463e-01
-1.133984994447112538e+00
9.840047463377621373e-01
2.325999713621197396e-01
5.194635635181124034e-01
-1.306867508109234022e-01
-2.151063876076783288e+00
2.046724930297487699e-01
-3.993959876035322321e-01
1.173561952982903334e-01
-2.102655616054149412e+00
-5.542918186656677904e-01
2.039194697463947437e-01
6.539791274324804338e-01
4.897636444371825659e-01
7.620848418988669382e-01
-1.607290405386994747e+00
-1.955853537313892554e+00
-1.311796621437257615e+00
-1.507178692545235732e+00
-1.768918964830067164e+00
6.126289834770042297e-01
-2.110722084886870853e+00
-6.006487078301532279e-01
-1.658998712273361820e+00
1.715881668412799765e-01
1.932761575210040661e+00
7.646570710927520498e-01
-2.159792497282116308e+00
6.770764580498025431e-01
-5.513164276422545251e-01
-2.476272814872634065e+00
1.154857941527229537e+00
1.710679061663742839e+00
-4.780377493077334061e-01
1.826802000252223945e-01
1.383236964039604278e+00
1.614945885715093565e+00
-3.600585856246852900e-01
7.142477725161253677e-01
-5.091756096388638797e-01
5.256126307903263850e-02
1.433911118058940115e+00
8.439604994984620800e-01
3.119569600751782024e-01
1.593105963391898250e+00
6.062696672019121102e-01
1.900188587264279638e+00
-1.153408022897593144e+00
1.165663479408972858e+00
-6.598695125391260685e-01
-2.417122655832567801e+00
1.648639765652645250e+00
1.077577655717525840e+00
-1.593545202150747908e-02
-1.412595450807008213e-02
3.957994146365778065e-01
7.201801441203039555e-01
-1.920383904558930155e+00
-2.066188155020103334e-01
-1.015796550315304803e+00
3.368856409524456641e-02
1.019931891846187932e+00
-1.079990256170632934e+00
5.651692912180057426e-01
-1.666209329102100178e-01
1.348940889587305847e+00
-1.350076503489235247e+00
-2.184731298103946173e+00
-3.979437533315967057e-01
2.087311246174994583e-01
-1.752001189874661913e+00
2.968557978361563432e-01
1.136748828575223191e+00
-1.052009923150447612e+00
-4.482369538916223251e-01
-9.965093385311766250e-01
4.855411178728659682e-01
9.589306823742118624e-01
1.457099717429022334e-01
2.072642730111854403e-01
-5.367677048733554557e-01
-2.148259584771106123e-01
-2.126031686706250756e+00
-3.792807948667473172e-01
-7.606304900090037346e-01
6.034143973313474962e-01
-1.792337115858399832e+00
6.383133863420014098e-01
-7.535566817556060837e-01
3.822930574112201607e-01
8.452307298280825609e-01
2.461627580575843410e+00
-1.799274170834985753e-01
-1.052857250668694400e+00
-2.782768274757063676e-02
-6.573082786914773434e-01
-1.286936795067909589e+00
1.418183681232143556e-02
-4.914665729580658393e-01
7.999283161794223940e-01
1.662174027359314632e+00
-1.981848893402534451e+00
-4.697890272917731869e-01
-8.994115119222296784e-01
-8.754055523443388109e-01
1.430440774241619195e-01
3.815725454386425519e-01
3.009364383664274722e-01
-6.064008151948274694e-01
-5.453649070559374312e-01
6.526816652162257260e-01
1.469636578201038990e-02
6.430611965189999557e-01
-1.643602026920384152e+00
-1.780575382526541905e-01
-1.251131110689050141e+00
-7.766509477113143767e-01
2.523771848440835797e+00
-1.895818356153919693e+00
1.709415157633277449e+00
-8.816787939229663307e-01
-1.643645836337572330e+00
9.615458381244645913e-01
-3.441758824933581762e-01
1.197981746634494638e+00
6.925210164715271954e-01
4.699607072588096179e-01
1.348001109740784020e+00
-6.389754550128802502e-02
-2.010588901642952120e+00
-1.556265573975480487e+00
-9.919970361288683591e-01
-1.195125621617528333e+00
1.593658587357527301e+00
-6.304175555645055162e-01
-8.212972483196206985e-01
1.258692753176107626e+00
-9.502948526875211188e-01
1.216815288760503044e+00
-1.252310531364454249e+00
2.494020232042567509e-01
1.806662648469124832e+00
-1.075785641686649363e+00
