-5.194331394610940400e-01
2.438018718368719639e-01
-7.343879564338204879e-01
9.426141803115126727e-01
-9.257909521767895278e-01
-2.763952828089151215e-01
1.205066395075755636e-01
2.929692125140046510e-01
7.604371085881767023e-02
9.288934402283202107e-01
2.413262734663954578e-01
-9.110032525266660297e-01
-8.288623482934023290e-01
3.605386004409558698e-01
2.451646297033207578e-01
-4.837570564356830083e-02
-4.764127240272499897e-01
-9.950204740400125925e-01
5.884535653597577909e-01
-7.593424235422043811e-01
3.587293414587329199e-01
2.619122118423791168e-01
7.739717491685329520e-01
5.731102968972037193e-01
2.096929153324007533e-01
-8.134678302335938138e-01
2.653839863230720297e-01
-9.707610872812291181e-01
7.316495701909158100e-01
4.554061611811848209e-01
1.573373847767562950e-01
-2.725250820231583937e-01
-8.955764818385716364e-01
-9.227953139801132743e-01
-5.376889100943658129e-01
5.909311138155830534e-01
5.497429257673380754e-02
-4.657942483268251443e-02
-8.906632148034001606e-01
8.274811279295137822e-01
-2.246900746173046137e-01
7.820879743407758156e-01
1.979009429477414095e-01
6.746933736859730413e-01
-5.270201193251100591e-01
9.116644407346887746e-01
-2.207495349747612412e-01
-9.870773965714252363e-01
-2.215197130761736855e-01
5.078058483114531452e-01
6.463587717608090255e-01
-5.620532650352487725e-01
1.017977706423998097e-01
4.639447333617423563e-01
5.791092676512712423e-01
7.331980141154599284e-01
-2.019366065636471141e+00
-8.502263886157681583e-01
2.068533831947825696e+00
-8.965354294569602978e-01
5.013586604981556949e-01
1.281527444294781493e+00
-3.112220800179865687e-01
-2.138929125847829127e+00
-1.155233025566854588e+00
-1.355728697523064241e+00
1.776313251270996263e+00
-1.256210358551491879e+00
-1.339898004991720404e+00
-2.938616998320938700e-01
-8.078930832558954833e-01
-1.455287641402614573e+00
7.133710568469759927e-01
-9.508864128531669957e-01
2.224587115731090914e-01
3.272162713196056227e-01
1.150492747556014050e+00
1.647295793735086056e+00
2.821193965230802680e-01
7.375281558512448710e-01
-1.630720967423189949e+00
1.110082137982181916e+00
1.529920888275727586e+00
1.183716365969252227e+00
2.982188309210351385e+00
1.633742505221085439e+00
-3.143433095757364182e-01
3.148181525590804775e+00
-1.214551211828180044e+00
1.149446677791885030e+00
3.400670792237445172e-01
1.558720453509638171e+00
6.408969254764627088e-01
1.333867360020740689e+00
9.305681663611005128e-01
7.598956191422356898e-01
-4.252758451492331115e-01
2.112986646835802729e-01
1.539240719097207943e+00
-6.525016683873764434e-01
1.230100102715736332e+00
-3.746062442162634287e-02
1.660122013489251369e+00
-8.239041056074292158e-01
-3.804607375204040465e-01
-1.643331276561565080e+00
2.414241349979864559e-01
1.859661852195843901e+00
2.294080377377527569e+00
-1.130909773803344232e+00
-2.583014067359487576e-02
5.352369884472667483e-01
1.909616377831514056e+00
1.136631087788732675e+00
-1.159121466348592033e+00
2.528244877575931415e-01
3.001996620692015116e-01
-4.315950504684783473e-01
1.981052831754049448e+00
1.536518747416742325e+00
1.747197582704936414e+00
3.115220788958235065e-01
8.953471865975495270e-01
2.920116156758142623e+00
3.364380320605482866e-01
6.066950680313154542e-03
-2.774107439980817436e-01
8.023746141707948087e-01
-1.170294275746588841e+00
-3.820946507664697567e-01
7.136890888727711602e-01
1.798610781148952009e+00
-4.939493633784494131e-01
-1.167553294603793645e+00
2.618046452936255264e+00
4.538062898868364670e-01
-3.291796779678235474e-02
1.552693263112003841e-02
3.388718639857712933e-02
-6.707573697588078421e-01
3.513718892021078233e-01
-5.360622988507292019e-01
-2.312660577115293048e-01
4.500004410251878806e-02
1.087203067814639379e+00
7.476343351318494035e-01
-1.160577347653833025e+00
4.751574435081491465e-01
-3.521762905150078726e-01
-2.751638362377167635e+00
-1.034286274464529254e-01
1.529840118827582307e+00
5.713453805050637824e-01
9.318274764331864191e-01
7.888190423377581251e-01
-3.100448396900322146e-01
-1.147252378337479950e+00
9.505564668895662983e-01
3.658710246661431298e-01
-3.449859633664172920e-01
3.314417972800076662e-02
8.254345456062768260e-01
2.253767888119186935e+00
2.257383323153646648e-01
1.175491648870452988e+00
9.680344994133551761e-01
6.759209603544686917e-01
-8.775290126231507504e-01
1.072094635798876983e+00
-1.049618397561031258e-01
8.275688782572542257e-01
1.619088696592139831e+00
2.000479741449172622e+00
-2.715964378699523563e-01
8.116042020615380492e-01
1.351994590324261392e+00
-4.830474054132254946e-01
2.474328226707092071e+00
7.637390949276665619e-01
-1.169190564716055203e+00
6.390078893091808432e-01
-1.045592242634887370e-01
-3.808549156180469630e-01
-2.929471534268042188e-01
3.538736275178613333e-01
-6.366910618874462857e-01
-1.259320650060591351e+00
1.508208614394375147e+00
1.508443724080061443e+00
2.925769634528422314e-01
-1.476896745730960359e-01
-3.004068279900835581e-01
-2.800567179398638640e-01
9.498533352206854907e-01
-2.236323456338387139e-01
9.640536308679875654e-01
8.013783423040623521e-01
2.643299480104920884e-01
8.904797934485817468e-01
3.648965989079455685e-01
1.558304510439120660e+00
1.088442432385293479e+00
-3.776274698496284721e-02
-1.467669409091882038e+00
-2.326202082298642004e+00
4.544712277450704829e-01
5.171521512575223689e-02
-1.185536431755943365e+00
-3.539968679412601738e-01
-1.070805081508985568e+00
-3.674593152444179944e-01
-1.073389731016059390e+00
-3.041899695531924408e-03
2.680690799648216549e-01
5.084030595682159648e-01
-1.328727211912769102e-01
-1.613388735395788309e+00
-1.020949581012296825e+00
-5.462503266513467626e-01
-7.066071435940891599e-01
-1.788316475554536655e+00
-3.757714893701374903e-01
1.296966218834404660e+00
-1.875118512420926642e+00
-8.743209138198402286e-01
-1.777719053748779476e+00
-9.310411691047626448e-01
1.805420947431631173e+00
2.060621090478299777e+00
-3.949278726031104081e-01
-3.871761015202539458e-01
-2.757890207306334940e-01
-1.186796691003495052e+00
1.184308810469587581e+00
-1.959239840188694348e+00
-7.147521643387823032e-01
1.735109952738736805e+00
2.995831003087326749e+00
8.126152075183323831e-01
8.819676244194520898e-01
3.482251860923972209e-01
2.570583654486315317e-01
8.903290516162849499e-01
2.400999837865585462e+00
8.771660484880654529e-01
5.562832287606169768e-01
-1.909425770592104055e+00
-1.793439392412060407e+00
-8.152715208939268487e-01
-1.573611983989596785e-01
-5.963337900739631436e-01
2.631833454096541125e+00
-1.002698848212367100e+00
4.109058414233652812e-01
6.482202853044329860e-01
-1.175318680546878491e-01
-1.122153001405165051e+00
-4.232041724366826241e-01
-4.340932173775093883e-01
9.767226430148133742e-01
2.214011193929030785e+00
-3.387942297035311245e-01
-2.147054513856009095e+00
-1.448716079855203454e-01
6.831300510035812623e-01
