-4.696163800695480894e-01
9.792102013872374666e-01
3.446119565893377423e-01
-1.789550687101981730e-02
-6.185881162564390578e-01
-5.920864490976771588e-01
-6.628262101119710703e-01
-9.644634261752116355e-01
1.857468666373784938e-01
-2.762044240413308316e-01
-5.820807216132042328e-01
-5.159877971179149814e-01
6.674838862499048453e-01
-3.350459914151626695e-01
4.451225245307326439e-01
-5.954706764644390748e-01
-7.609059142486678251e-01
-7.184417563323912681e-01
1.768127765062805778e-01
-6.407288229654153344e-01
-6.001222404514618969e-01
7.613093013190124214e-01
-7.061269620721633000e-01
8.103160203169716969e-01
9.021355253332261626e-01
4.346048422141337575e-01
9.735109756463706798e-01
1.243535034309644072e-01
-2.886166696489391725e-01
3.432486720916105849e-01
6.704806017579612032e-03
-9.173322551010036907e-01
8.721829282329625066e-01
-1.418443702672058659e-01
1.415215315711784161e-01
1.220172739135980677e-01
-7.763107031674842951e-02
9.947207596776459493e-01
5.655833461558401609e-01
-3.758716098345151746e-01
3.914173344233797813e-01
-9.706984471456858721e-02
8.348871495213359140e-01
-1.632275544345298535e-01
-2.475934341330185973e-01
-3.076331179519320447e-01
-9.794901407291576323e-01
2.099519359211807767e-01
-3.272727885055159991e-01
8.711324211686961583e-01
-4.917729924832621169e-01
3.332637100567379385e-01
-4.516147940010735162e-01
3.637020774863068961e-01
-7.422052433994410503e-01
-3.278812955885586078e-01
5.295044465025573466e-01
-7.111915794555834225e-02
-9.212490737887055747e-01
3.096493333367067446e-01
-5.788863791656244651e-01
7.222980621367225407e-01
-2.158075552889280324e-01
3.198308927186888084e-01
-8.539462979801466513e-01
-3.824030331872245725e-01
6.925561859173288148e-01
-1.998460260453427395e-02
8.561512316456274529e-01
8.970266221618938829e-02
5.940431971138899758e-01
-4.591985194645713531e-01
3.677221350246642206e-01
-2.695154434202962079e-01
7.787641856184213118e-02
-4.020236448848968358e-01
-3.443053797841510999e-02
-8.478139390142429566e-01
-3.166062768028690133e-01
9.717087894054383668e-01
6.192436115746604575e-01
6.783087688454445541e-01
-8.697339436150777203e-01
4.703295340037421113e-01
4.523457724109580802e-02
-7.330955358026747248e-03
5.408895966800544297e-01
7.910504172358887587e-01
5.257353982921482149e-01
-1.170133464152955938e-01
-3.409415032606368801e-01
-3.474919719032845133e-01
2.774814692085172396e-01
-7.889703260039184762e-01
-3.437869708836189808e-01
2.177451583054399453e-01
9.472471550955958719e-01
-6.395995612797051866e-01
-7.651399119129340676e-01
-1.712886327838700762e-01
5.914853103545318902e-01
-6.328470724533825642e-01
-2.125276356304910408e-01
-1.476055689746185173e-01
9.307722571256451527e-01
1.811620144269445731e-01
-7.205730275377637550e-01
-9.804841335519456358e-01
-2.020230943955785285e-01
-8.059894531104958570e-01
6.201228063448960270e-01
-2.153359327295913950e-01
-2.805441883879156162e-01
-1.773877080463004408e-01
-7.121673735755260637e-01
-4.611485439637033057e-01
4.496651861023233110e-01
5.725701331663732851e-01
-9.460529099446204349e-01
-1.765408783100073098e-01
6.683370993109272185e-01
8.580277175531447753e-03
7.628371573258601046e-01
1.399294727684823325e-01
-9.230737322889570606e-02
4.536754381608005815e-01
-7.891313822311678550e-01
-3.954501540696262474e-01
9.237129877650558374e-01
-1.370828653187547985e-01
8.197842943131923299e-01
7.042125992706123050e-01
8.358985379765215828e-01
6.636676466045097200e-01
5.243034559793715577e-01
-3.930906135339469198e-01
6.228668159803845139e-01
-9.097037086968031705e-01
-3.285313470478845588e-01
1.858756293036554208e-01
-3.165449246847908960e-01
-1.820985360886331339e-01
9.324022701301286631e-01
6.010727629720411525e-01
1.618853338582428858e-01
6.699331870884239759e-01
5.724185702322015512e-01
-3.026729857768062359e-01
7.189173244375002270e-02
2.068890436585646420e-02
-4.284893625421393182e-01
4.858910338452011590e-01
6.899310161256140272e-01
7.722115297222393870e-01
-6.487455095175196362e-01
2.687029543343861793e-01
-5.598815884045869051e-01
-2.022177622966405686e-01
-7.523541824285553403e-01
-6.365357561450697421e-01
-9.743123449014556847e-01
9.672178123425887453e-01
8.728209949624767816e-01
2.519831035544539688e-01
9.137539877031661817e-01
-9.417816099348037540e-01
6.000334982150856700e-01
-2.531624764463786814e-01
-3.420539194819400830e-01
-6.702242940524698600e-01
7.194892738037705904e-02
-9.253624237046602641e-01
-8.324956771507476816e-01
-6.291386906855658268e-01
6.908067437040430470e-01
5.106903208190818333e-01
-1.902547223576445123e-01
2.869012163337296695e-01
6.629390448307872497e-01
5.366339169380616170e-01
-4.522270073641621035e-01
2.631721948306897652e-02
3.017707270026461774e-01
-2.104211691308612853e-01
1.145130032595260694e-01
-2.268318843021877029e-02
-4.414079250521663056e-01
-4.584919868672077126e-01
2.831262314013869297e-01
2.822221195515335346e-01
-3.854180922804384402e-02
-9.207559775906233313e-01
9.084303641307012178e-01
9.543630074617757142e-01
9.357401240982314850e-01
1.472598686236803456e-01
-4.731820611053061398e-02
-9.436347221878480518e-01
-3.885752953882057881e-01
4.099432263590148118e-01
-1.551740824301766075e-01
-8.174607104271436331e-01
4.698219955483167176e-01
5.364508234113709584e-01
4.450948028172903026e-01
8.455187956762726387e-01
-2.220833734753808741e-01
3.910834816256323343e-01
2.785626432337104941e-01
8.823341040580015004e-01
-9.605967738366003594e-01
-2.887006016095727823e-01
4.730903200590947932e-01
3.651030505480150623e-01
-4.817474577213853859e-01
5.133315240618927522e-01
7.166585309449691188e-02
5.642357897727394711e-01
-1.802126549691098756e-01
6.305720072482505767e-01
-7.149261464527323362e-01
-6.605119567162489602e-01
-7.734236554741300562e-01
-8.616615717923925555e-01
5.872127101265574023e-01
-2.956121156435791431e-01
-6.165465429791880947e-01
-1.436914879030302128e-01
1.520415497903937485e-01
6.162414419067059335e-01
-5.143270191037285777e-02
-3.803953117490297409e-01
6.981697660332992772e-01
-3.593019177822449617e-01
8.615824868294008620e-01
-8.986961161611377591e-01
-7.848573791627153629e-01
3.937541521309433357e-01
8.468567493587011441e-01
1.936134214662610376e-01
8.211109901326467675e-01
1.553374404923255625e-01
-2.413887062709367815e-01
-2.463194308581082570e-01
-7.854002104658357464e-01
-9.478427688847417265e-01
8.746770440446949291e-01
-4.409485083482564960e-01
6.710840796173718203e-01
-9.511289064512644664e-01
9.456484950048860139e-01
5.509507420369956776e-01
5.949146529182909315e-01
2.703248342466566534e-01
-4.235795891674494218e-01
-8.191422211099097517e-01
2.782351776079781125e-01
5.745665106708870429e-01
-9.082829744451994536e-01
-9.225296482472715720e-01
9.156832591037487035e-01
6.939623913886423523e-01
7.255978713307051908e-01
7.261867152476191301e-01
8.537284840951553377e-02
