9.352877956185287056e-01
-1.752086192927704844e-01
-4.417398789002074944e-01
2.208017114586816321e-01
1.842419894183048079e+00
2.559697057542654086e+00
8.697026451689482407e-01
-4.701109309395489211e-01
1.856897383107130040e-01
1.057144074896626762e+00
7.258896751849611695e-01
-4.727334288702161325e-01
-3.294433677728615395e-01
4.449619171840211718e-01
-1.915353948987238708e-01
5.418323940612025380e-01
-3.543733587932897944e-01
-1.409324293210098555e-02
-5.113799489480331806e-01
-1.504953098898590191e+00
-3.811788081366451753e-01
-7.814923943524747507e-01
-2.507149680621469923e+00
9.057653043609431576e-01
5.451805259649700197e-01
1.422627077218786562e+00
-2.093789819520389672e-01
-1.515027512153453326e+00
1.638021331120534274e+00
-4.356568540191152472e-01
6.602977096054867268e-01
1.078311361313995853e+00
6.081156746729554641e-01
-4.690112689495655740e-01
2.703632755502479168e-01
1.501910068116793617e+00
1.244216526463720829e+00
8.922122939576654366e-01
4.110854830166960627e-01
-1.098425163780124281e-01
9.323262188456885591e-01
1.038937488847180152e-01
-2.117056479884775189e-01
-6.690048963497069109e-03
1.469054578122704457e+00
1.350818684570351258e-01
-9.839023105588122764e-01
-1.404997751003626894e+00
1.457134991821922854e-01
-4.775829714776959056e-01
-1.961632189791541470e-01
9.088616672211202729e-01
5.563765601180773596e-02
6.594470675524696790e-02
-1.778966118593396095e-01
7.921462335829347889e-01
6.298223088812968662e-01
-5.854266038713671350e-01
6.751692809318936561e-01
-1.250922621378752098e+00
7.129203647261286303e-01
6.936337033322881318e-01
2.751026915726078048e-01
-1.632068734674426036e+00
-2.249458294527735269e+00
-3.844172969672298157e-01
8.315844081773584584e-01
-1.021077812571762333e+00
-5.896363089169782690e-01
1.112095002454645210e+00
-6.901268637562443242e-01
-7.998989975715555811e-01
-1.153991046682036448e+00
-4.028407171810845927e-02
-1.414919331691069093e+00
1.428286735850778255e+00
-8.329563094201533069e-01
5.467921404185855927e-01
4.576280526822464889e-01
1.781195228654923302e+00
-1.491720223834536174e-01
1.990879270091916231e+00
-4.891850016441913751e-01
-4.814549111643959822e-01
1.481055008232932568e+00
-1.281181227539555323e+00
-3.281200082742874446e-01
1.829128406088573744e-01
-9.928181080724926000e-01
2.700198462692204315e-01
2.732016257481705845e-01
2.194447493752633149e-01
-2.561877856694994571e-01
-3.755678648691013199e-01
1.741512012185027380e+00
-1.910009588296359029e+00
-6.445911584144534690e-01
1.160510530702800525e+00
9.569396719316123345e-01
-4.786378596187454981e-01
-1.111640999973193544e+00
2.461766598613485790e+00
2.184471547180321771e+00
-6.254112523088177777e-01
-1.675960047466518166e+00
2.771722580051150242e-01
8.124997990738805909e-01
-1.259325231509307585e-01
-3.703269443979707587e-01
-1.431849076684789779e+00
9.780167617571772221e-01
-2.961520609508766499e-01
5.115341335757652708e-01
-2.179844666446884460e+00
5.245111539314000204e-01
-6.113364865576801366e-01
-2.456058919287647524e-01
8.362736174247440424e-01
1.229655416004237223e+00
-1.344097795372417359e+00
6.328429681927413286e-01
-9.776513492351390777e-01
-2.017434229642983912e+00
1.131478960237375375e-01
-1.024503785978528425e+00
2.482023591150726016e-01
3.672315118780123955e-01
2.470816124338591990e+00
-5.538143709810661175e-01
9.660176263570743327e-01
4.612696899763620295e-01
-2.663289060017946519e-01
5.423927871205803664e-01
7.762810389900052233e-01
-4.120066121518220492e-02
3.035448544604298249e+00
-8.086185764140979559e-02
-4.917494364485213154e-01
-5.293851481597127151e-01
-8.025558473625356015e-01
-1.283818062891781686e+00
-9.205431988881028760e-01
-1.253076785767118118e+00
-3.742578815452999308e-01
1.679624994742897837e+00
9.276465225080754440e-02
1.747716040382378599e+00
1.169942978138792000e+00
-7.089509843227377317e-01
1.723359043442735050e+00
1.421736859366719008e-01
-5.694040325933854563e-01
-1.862845603216089607e+00
9.707636491554128000e-01
4.628058125568529912e-01
-4.799045023407070287e-01
3.458845248614500489e-01
2.562166138472008026e+00
1.290633887265985269e+00
-1.008698319387249853e+00
9.228406431918727559e-01
-5.487664844874785147e-02
9.621296415138871350e-01
3.590665895868274671e-01
-1.166424232034802166e+00
2.889091570346376536e-01
-9.280731119739626944e-01
4.473014590459332140e-01
1.376813924843438564e+00
-1.021440134996145055e+00
2.858378932865925370e-01
-6.277264287981779711e-01
8.873910411542504928e-01
-1.848687824526148660e+00
1.160054807450765058e+00
-1.013329479059895816e-01
-1.265200113344487676e+00
9.572741876389145865e-01
-1.841241498478923821e-01
3.067621509517413081e-01
-4.605450704472493495e-01
-1.460710483170926111e+00
-1.234739260870826527e+00
-6.741060389542916642e-01
-2.523521810253058772e-01
2.083877141195753235e-01
-6.442223284062040811e-01
-4.111398961007167036e-02
6.944334977794044406e-01
5.888157242815892367e-01
1.328511999295382662e+00
3.231349375454746209e-01
2.349620286308684025e-01
1.371959016303086365e+00
-1.452034174285375290e+00
6.054481084506539990e-01
-8.768821460542713941e-01
1.574790047009357319e-01
-9.967529947560882508e-01
1.320482151684926997e+00
5.992862607818600917e-01
2.829179411403867084e-01
1.279593323814383066e+00
6.178334083209298111e-01
-1.773337015646373194e-01
1.138473390293595511e+00
-2.706044019386474320e-01
1.467508368758512871e+00
-2.791498396236217761e-01
-2.153438849461596583e+00
-2.190005848879069905e+00
-1.685509886594756424e+00
4.461221500494665371e-01
7.670697390111405611e-02
2.276581812849998721e-01
-1.415164765840072614e-01
-1.403332652519579948e+00
-6.100590242186144652e-01
9.504886609637817063e-01
1.768031298116791994e-01
7.257200565450469543e-02
7.290104078395482912e-01
-1.695654951772844310e+00
1.301977041752276243e+00
2.202775838538588715e+00
-3.968038175274846147e-01
2.043314724793094395e-01
1.688558868474190622e-01
1.483222214882048973e-01
-1.039383030151588727e+00
5.189159075398810383e-01
3.881525137999748964e-01
8.325509405319999612e-01
7.894581311866741835e-01
1.155127384832938114e-01
-1.396847636348589994e+00
-9.943853671707382214e-01
-2.701475508817593463e-01
-5.937233780298828423e-01
-9.523844582791987090e-01
-9.463844901301845525e-01
-6.758880781749441180e-01
6.825584562592597049e-01
-8.294175176666768179e-02
-4.145740273760770145e-01
-1.209579313016626356e+00
-1.808796324801024147e-01
9.755784789202726071e-01
5.734020415105440804e-01
9.677525234455839342e-01
-1.347125232019587671e+00
1.544690181232207582e+00
6.339452177219824236e-01
-8.886672882999058221e-02
1.560984168793060789e+00
-7.324331447229720515e-02
-1.580486780780176570e+00
-9.878317513477608003e-02
2.491264927092566861e-01
-1.457298475289314332e+00
8.498200474254126169e-01
4.825839361469851374e-01
-1.059764712640939299e+00
-1.107048788019042052e+00
-3.240517178898852935e-01
