-3.401057996833222741e-01
5.358836751101577756e-01
4.280804330242760636e-01
3.237054284649217850e-01
-8.319670323256597166e-01
-1.135951079800053831e-01
4.480312022024564023e-01
2.627902517520461223e-01
-3.243188111723483424e-01
-2.018644072494631958e-01
-7.923237292498170881e-01
2.572564503572352113e-01
8.701079769933495189e-02
-6.227621092941534320e-01
-2.101188678715745217e-01
-1.447406637952970421e-01
8.062766980574885556e-02
-2.147799982396838558e-01
-6.081953005415173807e-01
-7.307430952610087793e-01
7.494760956783387273e-01
1.436677557392512239e-01
1.483564046313373685e-02
-1.399467896508154452e-01
3.168072757115078519e-01
5.711879117059928124e-01
7.321879801192039405e-01
3.655482561040516165e-01
-1.674871654311609892e-01
4.709917147121463477e-01
9.264086021118100867e-02
-5.858249779443432947e-01
7.173953129065001599e-01
-4.826353024823911153e-01
7.781575744787034843e-01
4.580719296132912399e-01
-2.668919254954074116e-01
-2.497965169305433331e-01
-5.877173046653115518e-02
3.756113505223988014e-01
4.560412073769916641e-01
5.351057229225618661e-01
1.158709737909445481e-01
6.074476315019086137e-01
8.809656100993441541e-01
-2.885990786086057858e-01
-3.091377465197575614e-01
1.084383355608803251e-01
-6.939387217348871872e-02
-3.911050071596126887e-02
-1.577059407308515904e-01
7.575094367531592932e-02
-1.725628492857188834e-01
-7.959269014566640044e-01
3.236021194796196987e-01
-1.566255640484830736e-01
-8.454812999429603959e-01
5.781815464583641706e-01
-6.630482906032660884e-01
-7.135391266107208308e-01
6.494822337397399004e-01
2.035234054351216237e-02
-6.349808592061704227e-01
2.503788862574483631e-01
-1.140370789196311352e-01
-5.423303888674662065e-01
2.011919744734687321e-02
3.459563859603573821e-01
3.161811967375451338e-01
-4.617490227947532166e-01
-8.132217828962728934e-01
5.852561051269846715e-01
-6.902297142690938525e-01
6.293284533937281156e-01
-8.625512266676695905e-01
6.480068319671132837e-01
1.425745738942889307e-01
-3.535521067777879778e-01
3.851060512809863917e-02
2.523923169190553373e-02
3.714871355253910878e-01
4.026160178497301123e-01
6.411697629392002495e-01
-8.238810378806886714e-01
-7.677711044789278239e-01
2.631218312209845367e-01
-7.166341520819271560e-01
3.135814321198775456e-01
4.661544299531483748e-01
-3.192530956982004842e-01
-8.512757627156476437e-01
8.826584368336679032e-03
9.164471179580248039e-01
6.987547405918858034e-01
-3.464028745668656373e-01
-7.179881437078294848e-01
-7.954807298942898619e-01
7.742501580103515746e-01
8.272134157183358427e-01
1.203064484157666675e-01
-4.572486408607880914e-01
-4.479910981081747789e-01
-1.462173919850666970e-01
-5.861929803623866508e-01
1.263111435595355159e-01
-4.227162414830715753e-01
4.570547484258931092e-01
5.391981376698995465e-01
4.331565656329696701e-01
4.526660708027562263e-01
-4.821219435256542951e-01
-6.768884874004001961e-01
-5.739809550526975279e-01
6.263018409183566115e-01
-6.543282208626981511e-01
-4.028334575480824187e-01
6.743659503993550963e-01
4.173631880781716319e-01
2.402847928871053029e-01
-5.106329257739130600e-01
-4.379444617888141877e-01
6.839016821087304798e-01
-7.601577477294083063e-02
8.635469162180858804e-01
1.165532912786143432e-01
2.449940090457365383e-01
2.392223138091402190e-01
3.058252580251860642e-01
5.041691473662289757e-01
-4.901166693946369390e-01
-6.471142913388491236e-01
8.698483511723263950e-01
2.231315453728540954e-01
-2.206135144995715058e-01
-7.689933879269938988e-02
-8.674647282196691345e-01
-3.639055745465457070e-01
5.094225204248387096e-01
1.265149180593879152e-01
-2.542565682059932941e-03
-4.346063321732303031e-01
8.384947817909914614e-01
8.049003118523720968e-01
4.830389185479161962e-01
6.090395882060288812e-01
3.446667042041454132e-01
3.658423833650459867e-01
9.139244768635602645e-01
7.001241487183528234e-01
3.359821856878419943e-01
-7.184003721542721044e-01
3.608646756809823497e-01
-5.134884277696726285e-01
9.392008251808757480e-02
-5.643872380127429311e-01
6.371316702591859338e-01
8.174347934025033569e-01
-6.897954416244686526e-02
5.682406023128994121e-01
-6.480070652392013741e-01
9.348073157764395791e-02
-5.237800848117791785e-01
6.969873074539189028e-01
2.035395709134400488e-01
1.008707727317492003e-01
-6.868133883749276691e-01
2.526366823191963928e-01
5.234178385859655780e-01
-8.636898312479471818e-01
8.512958056643918914e-01
-3.111699195217949576e-01
7.434954160046990390e-01
3.946123199820048000e-01
-7.454317510899479693e-01
-8.100407642928187935e-01
3.372363277935800374e-01
2.836341182195034616e-01
7.283174182927348861e-01
-5.227082289689436445e-01
3.851092851271530060e-02
-5.027992845598605598e-01
-6.662154744917188065e-01
3.066243091029037249e-01
-9.046564206107943207e-01
5.186424794729641574e-01
6.988059332059047835e-01
1.808657506639356830e-02
-5.214250208014122867e-01
3.202303749564102686e-01
5.334047049040603339e-01
5.346426911955026728e-01
8.570149651006505609e-01
5.459542706536059109e-01
7.742116565999168643e-01
4.510932453894686001e-01
1.512132532685481756e-01
-6.952041155292437713e-01
-5.144871735848792760e-01
-3.026767223926373207e-01
-6.259741296897405327e-01
8.276972994784659310e-01
5.593949847838080025e-01
-4.795109809801044176e-01
-2.882503458128097273e-01
-2.024265651747644001e-01
-5.351698851303696713e-01
-1.665175276988269393e-01
-8.810812086937634957e-01
8.643766408918625022e-01
-5.774382873167321906e-01
-3.063732627747594583e-01
5.934449195817999012e-01
8.239929627663004075e-01
5.302922009297593720e-01
6.952044797996096426e-01
-3.506964137007361620e-02
-5.424415042250676500e-01
4.638258503356357254e-01
7.878411011684709475e-01
-6.767014303210686643e-01
-7.867770751473591728e-01
-4.280431068702351127e-01
6.899504845931586638e-01
2.707089935871742070e-01
-4.752897594493694644e-01
-2.947641791922594456e-01
2.196029939190057012e-01
4.018905830962669068e-01
-3.024780854667601382e-01
3.252761667607715346e-01
3.320139737590687701e-01
-1.836598676999041946e-01
-3.972383707883249682e-01
2.143648378557224676e-01
-4.966125743870628689e-02
-2.291234031340569702e-02
-4.257695647618225249e-02
3.884339829005607481e-01
-5.640281495703403092e-01
-2.458069200195848181e-01
-6.631076019356886286e-01
-5.360702809278268255e-01
-7.810145606912498595e-01
-4.101745743339762496e-01
-5.967225489571150732e-01
8.862596659474679672e-01
-5.539160711130945991e-01
-7.606124014462383176e-01
8.267189002702958200e-01
8.060434572496838479e-01
-7.294628342683154854e-01
3.505911412883970235e-01
4.060957594397588410e-01
-3.167624293874985453e-01
2.325705443092282165e-01
2.359643125576796063e-01
-6.917978904408830232e-01
8.123486848221318501e-01
-7.105918791129539613e-02
-1.410549601675832598e-02
9.917691955649010627e-02
4.257937648179537238e-01
1.525496729456025102e-01
-6.793517981951460172e-01
-7.242942740862660100e-01
