-2.020457652749924060e-01
-4.360551217432578897e-01
2.968274467267073558e-01
8.313736870162002912e-01
-7.249016745385560290e-01
1.502552859909831229e+00
-4.232410783109502583e-02
1.177016108712176212e+00
1.034526599023894766e+00
2.431232178181800263e-01
-1.947762461560227920e-01
-9.804427389000494042e-01
-1.350344899683380007e+00
3.844942331368183530e-01
-7.991830920296870422e-02
9.248201140026261757e-02
6.304973734494017101e-01
3.359981051466569002e-01
-6.779611434504922984e-01
7.900749261301364124e-01
-3.369961777720520413e-01
-2.797241682454690292e-01
-1.547333608939087668e+00
-6.222945222664671983e-02
1.080752676333308765e-01
3.832137871254937544e-01
3.009192106327299859e-02
-4.983103176408704704e-01
-6.405553876713621086e-01
-1.810111446408373126e-01
1.534651465234682377e-01
-6.572776677934009104e-01
-3.041928043404056869e-01
-1.288574864741560466e+00
8.947642518575583959e-02
1.033148958335235790e+00
4.045721745399061819e-01
4.413218964520583265e-01
-1.895570862836287729e-01
-1.367452003518527803e-01
-1.970537724481724318e-01
-1.089746755926060129e-01
-3.570754720116947611e-03
-4.039604939283159557e-01
1.041496600967372288e+00
-6.550074499930225169e-01
3.772047308015672451e-01
6.199792626162849984e-01
-5.715076591006116313e-01
7.777550361560889858e-01
6.474869902204046790e-01
-1.525284210728906187e+00
-1.292239624473218162e+00
-6.889019925468518046e-01
4.607988772685033263e-01
-1.282564269265460188e+00
-2.632917716275551268e-03
4.815954098947216044e-01
8.918274466056420879e-02
-1.244997505549790384e+00
-6.023419545930015495e-01
-1.048185581530162613e+00
9.576968363121091121e-02
-8.712294662746907781e-01
-2.478344822652732149e-01
-1.226853027764036042e-01
-1.575308619262012932e+00
5.169232166645306714e-01
-9.818319110844790920e-01
-5.963334495893359843e-01
1.009217750143875270e+00
-7.359772559242439005e-01
-9.405396238646008822e-01
-8.050045099502719514e-01
8.223537032097429922e-01
-3.998290828098307603e-01
-4.620111164547494043e-01
7.904496630690256431e-01
-1.995243318124998999e-01
-5.840936239059161261e-01
4.995552763053734413e-01
-3.583595468861295319e-01
-9.190903513259421342e-02
-9.528820355135488029e-02
3.828393181657154670e-02
-1.036039747196716432e+00
-1.289249691567874445e-02
-1.853618722767553517e-01
-1.362040799225073151e+00
-7.893857598820271937e-01
1.261054126308787937e-01
-3.004475479929510917e-01
5.912003241735805936e-01
2.400849772302775798e-01
-2.677067780905928451e-02
-1.873809779353074745e-01
1.029029696329637755e-01
3.714602880060724477e-01
2.388281601870994031e-01
-2.715573702977558956e-01
-3.188574808149379214e-01
2.438749921895422834e-01
9.739459555116319889e-02
-2.830111803167979501e-01
3.809859363740657479e-01
2.739020615204973419e-02
7.316250939501884876e-01
-1.004146744239436728e+00
-3.598805284781574354e-01
7.125329259710429242e-02
1.475376527687240202e-01
5.130619996199493604e-01
2.937357149020640712e-01
7.891633091499951069e-01
-1.808400740521780570e-01
-7.897895379447703590e-01
1.583772480912322422e-02
-4.869359852319049553e-01
3.797513395484836130e-01
-3.000098134144414397e-01
-6.149522964644144052e-01
1.086777706673620891e-01
4.338696265114957290e-02
-1.133592463533607431e+00
-3.986967052707292014e-01
-1.134691305303246744e-01
4.772340890863537299e-01
-5.914128945412144844e-01
2.146294291462436388e-01
1.135975723164152296e+00
-2.579397652891211590e-01
9.170239555602754944e-01
6.458345218225985951e-02
1.119078444343612144e+00
2.260082354466883547e-01
2.614283801200796287e-01
6.002678328167906363e-01
-1.342018213948855954e-01
4.831389737861063738e-01
-1.826856636816202029e-01
-4.336608001604665974e-01
-9.446668685946048027e-01
-7.279177691802800609e-01
-2.137183092142487806e-01
7.281116652767586350e-01
2.877488613811347573e-01
-4.811867655510587705e-01
-2.813227836304110774e-03
9.934430591878543049e-02
6.952522744163790458e-01
3.893400787202663249e-01
-1.139076351937174714e+00
-1.654666078911877225e-01
2.002869890419964327e-01
-5.169035509762284208e-01
1.901411632161802423e-01
5.428157556908048686e-01
-1.308314404985121693e-01
-9.854525848613061578e-01
-1.045235884318274772e-01
-3.510084137022139172e-01
-1.484897940730300625e-01
-8.785106390059740367e-01
-4.696977782861088691e-01
4.895371218876918840e-01
2.165838000267693575e-01
-1.077361261482814525e+00
-6.288912078096986491e-01
8.649091137336357704e-01
-1.217953745048586112e-01
-4.550890327235390664e-01
2.713678852207971892e-01
1.129840759427111152e+00
1.734431597955637949e-03
-5.930806060193362095e-01
-8.875830939489328664e-01
-7.599504743634374337e-01
-2.673632628369971842e-01
2.828654934465198445e-01
7.406266744948124536e-01
-2.191021872588322927e-01
1.708578692200333204e-01
3.491617360537414838e-03
-5.741725337258472145e-02
-1.160616030379341801e+00
-3.879873952393302350e-01
5.410801174335438946e-02
1.049841426326449723e+00
1.168695516976214488e-01
5.371289183410471457e-01
5.603226782110239945e-01
-3.335064619483072423e-01
-1.925091156777029300e-01
-1.704351224808582366e-01
-2.663727424164877289e-01
2.574613004966057050e-01
3.765871562552373097e-01
5.823993846125378182e-01
8.932962678738189943e-01
-6.823127323435187463e-01
5.121551028175089781e-01
2.698183964253897948e-01
-2.589733417179340136e-01
-4.884390359143029325e-01
-9.582252460679667461e-02
1.598127599044447678e+00
-3.620165844067284588e-01
-1.002857029263125366e+00
-9.491946483041007188e-01
-5.558255227555496392e-01
-1.890283326912707840e-01
-3.600222000473451978e-01
1.319738455046701453e-01
4.167981155957947159e-01
1.315630555725300910e-01
-1.562552367674984621e+00
3.788672122428003997e-01
-4.049362957061593271e-02
4.193509331831170306e-02
9.313440029630758454e-01
-1.061734342798859698e+00
2.089891143491004466e-01
-4.575398244182375951e-01
2.629802176891183341e-01
-2.349178450547439734e-01
-1.898305665960473010e-01
-7.961122032568352935e-01
2.899774519711693643e-01
-8.107013874113673246e-01
-5.116790846930638903e-01
-2.212233771648350611e-01
3.066032738106722055e-01
1.013994671195506125e+00
-1.188933367763771315e-01
1.812558556826940892e-01
6.421598129121395271e-01
-2.586694487458887637e-02
-1.085567891986681521e-01
-7.797718194662132118e-01
-6.056542064297790740e-01
2.938663163274521373e-02
2.456446423175821236e-01
-6.930786831746280074e-02
1.578030354807755109e-01
-5.087891888038408028e-02
-1.224755150715322594e-01
-5.992911795682028808e-01
6.927327434008442308e-01
7.840702111594337609e-01
-1.838705228836987060e-01
-6.700470400447438024e-01
-3.999912031141453772e-01
-6.037298526898533524e-01
7.101373795174892312e-01
-8.704858448930621884e-02
-3.344578570571900000e-01
1.536859825409626068e-01
3.862666850499691384e-01
1.897886004040419961e-01
-2.076720855646947972e-01
-2.403618697797256509e-01
-6.711741669252199727e-02
5.844545568786515544e-01
2.967692211098281740e-01
4.169890953146994650e-01
