-7.032278854192324236e-01
-8.039748044008725447e-01
1.058802756721146654e-01
-9.358599334772901290e-01
-5.618070576795677340e-01
-7.707219238874329914e-01
-4.008765798528044488e-01
-8.474008382372288928e-02
7.440794123409837368e-01
2.469600642492160159e-01
3.450998351850416146e-01
-8.487438957460002875e-01
-6.157275730839228967e-01
-7.798961078707058459e-01
-2.767241744773873968e-02
-7.481893652232438630e-01
-8.139953574156753024e-01
2.949465523693877156e-01
6.059812514951348206e-01
8.632952319590436741e-01
4.735469000378520477e-01
7.934057528935178905e-01
-2.385322846125037533e-01
-2.736482253886594052e-01
9.112493922517039824e-01
1.564395406646306164e-01
1.719012606137144683e-01
5.315394304767044886e-01
3.056386125498762318e-01
1.603260812656235323e-01
-2.016037918573014842e-01
-7.765593710254097282e-01
9.461540036306084200e-01
-1.247353351681581568e-01
1.260315302402457149e-01
-9.649119768976739397e-01
-9.382404481314030598e-01
9.984373994400705943e-01
-1.588392977390407079e-01
4.965700806129491607e-01
-1.821673910613266223e-01
-5.886677668603450542e-01
6.324945545985418693e-01
-1.289506913194271576e-01
2.428366683029457018e-01
2.435169086023913909e-01
4.730249004504383237e-01
2.327030846636621852e-01
-6.589791837536695951e-02
8.549992668608323854e-01
-3.576838282099765731e-01
4.544871018210883129e-01
-6.198905447222309295e-01
8.419711355388175278e-01
5.714857020149559652e-01
-2.802667480344596118e-01
5.075347544357495799e-01
3.852840029414072998e-01
1.039610330472817701e-02
4.762409416971287168e-01
-6.758441652553859313e-01
-4.953031744653457746e-01
-6.913449708233621038e-01
5.637300236670497178e-01
3.480335934613238980e-01
8.801716023032222225e-01
4.900461794659316528e-01
-5.090294598342082200e-01
7.062945810837022442e-01
2.089565073286652197e-01
-8.994049441451834603e-02
-6.034510614191959110e-01
4.959375169013406914e-01
-5.070724418007905854e-01
-5.152588673929965335e-01
5.841207577714051524e-01
-1.077837251988518208e-01
-6.790692175291468402e-01
8.315302392450794056e-01
-9.966176028518147767e-01
-2.311604861910563358e-01
-7.747725303658143936e-01
-5.840766361080611535e-01
4.885066341198607276e-01
1.056125247232473363e-01
-3.812204804970711347e-01
9.616474554346732262e-01
-2.923852036063776527e-01
-8.946714128718205039e-01
-3.032406222672090479e-02
-5.175049928475183858e-01
-7.854267135372590136e-01
6.889578886743437103e-01
1.167144843797967013e-01
-4.165843208648269957e-01
6.930042766923589781e-01
-4.179463046268854232e-01
-9.354979630044817362e-01
9.307192192479447623e-01
-7.717752535485831178e-01
9.267574723866820463e-01
-4.006231979380319164e-01
-5.067687458257255084e-01
3.735345391723152719e-01
-4.216926166601686621e-01
-5.808543457482806538e-02
-9.776431039452895266e-01
2.512695025265969662e-01
3.299690722399521992e-01
-5.265729793694113869e-01
-6.985850701903748572e-01
-7.968220672539041427e-01
-4.179372203337086145e-01
5.499260323490167135e-01
8.073282421899832251e-01
-9.430980271634805678e-01
1.485961236845427802e-01
1.531258300287854368e-01
-7.235437716520503049e-01
-8.796366332274185851e-01
6.154787113136455101e-01
-2.356340694867014030e-01
1.215435775142770236e-01
-1.686680800002220426e-01
-8.286323960985955139e-01
3.588220860883346575e-01
-1.880699577214817175e-01
6.711758642309293421e-01
-4.402934351563492221e-02
1.886543291971685132e-01
-6.306488244313159797e-01
7.647505662937823523e-01
-5.402738944931742004e-01
-6.053318768696722696e-01
5.920945341656924654e-02
9.537754690386734957e-02
-3.341751283996412525e-01
-6.470000330672838196e-01
-7.704121730072910346e-01
8.532417321675251909e-01
-2.010339654370405515e-01
-3.583181519189391206e-01
-3.838442324803019723e-01
-7.440838310989641435e-01
1.696552568362199587e-01
-9.203694503185468889e-01
4.696550436877600099e-02
-3.777207110771605425e-01
9.987974755429231966e-01
4.725723432433623916e-01
5.579111148545454757e-01
-6.952977115616694181e-01
8.423151085309397157e-01
7.666968856612392802e-01
1.838592240244474318e-02
-6.147826274621233100e-01
5.061540445072791883e-01
8.510133478917212280e-01
3.858330698453353858e-01
-1.369447277828848009e-01
1.945956448005459194e-01
-8.776997599579883236e-02
1.529785138672603573e-01
4.272125956603864960e-01
7.190545161552974740e-02
-2.328363029550144514e-01
-3.041426040533821151e-01
5.497015006412380167e-01
-9.987419542002853312e-01
3.778683706188807889e-01
-3.537218863204727448e-02
8.823011801664870646e-02
-8.240517650029941521e-01
5.944070726589847364e-01
-5.833990394281916014e-01
-5.984861936111498526e-01
8.804258945452758667e-02
5.762630216949380380e-01
9.227203462780204646e-01
-1.179534038654812544e-01
1.851411864280005926e-01
-4.513833506625937186e-01
-2.382671912509657375e-01
2.816484427006320512e-01
3.080391348865456624e-01
-1.446736319771715351e-01
9.455482279344402663e-01
-7.945973263410357479e-01
-6.249765294896523216e-01
7.210106241842670904e-01
-9.115676929323486277e-01
-9.311077094996300652e-01
-1.228496464309540848e-01
7.830671460558606967e-01
-3.570895521903421077e-01
4.008979899336022612e-01
3.421201032612344317e-01
-8.238178295039275678e-01
-8.427395562062662826e-01
4.127148356321752587e-01
1.197869180538781997e-01
-9.549544503287337172e-01
7.493664386820932943e-01
5.219813745213635059e-01
-5.522982898491275439e-01
5.327433870727624754e-01
6.227200095004010727e-01
-3.292212285810522943e-01
-1.306527680367708388e-01
-5.738443105378898679e-02
-7.560637778643632956e-01
-2.141950140178443540e-01
5.804263906426794239e-01
7.195285248558658253e-01
2.134198465521219834e-01
5.876968319666628915e-01
3.482777804167811464e-01
5.712771994149532517e-01
-6.742993976182971583e-01
2.022704086624338427e-01
-5.437121460708775889e-01
6.236273186671807967e-01
2.960468210728099958e-01
3.864696901962842990e-01
-1.489307975729976530e-01
9.478682581575137434e-02
-3.442977055414411236e-01
4.146973202003032544e-01
-1.592746383963827839e-02
-1.015984771235245443e-01
7.944571783279237298e-01
-8.613441317354180171e-01
8.592385843273708801e-02
4.627571166622375110e-01
2.017639445389056707e-01
3.406231181563490473e-01
-9.319854154645004218e-01
6.601087548889701395e-01
5.481393407644681304e-01
4.643282224031322070e-01
-3.792269598037856237e-01
5.963699788687071290e-02
-4.705807688535124100e-02
-8.784078537013155774e-01
-2.966138563275544371e-01
-7.647301884402271099e-01
9.313236309983172756e-01
-8.043063280627735789e-01
-5.815099056375871989e-01
-8.714647041754377543e-01
-4.015012319129458440e-01
-7.398234075875922411e-01
-8.483750404715835192e-01
-2.678628555086866037e-01
-1.685015604102224618e-01
-8.935761441960936580e-01
-1.726465505996022110e-02
-6.418953121755541780e-01
-6.962084409215663072e-01
-2.920537282090074349e-02
2.645311509713645926e-01
5.597244243189081203e-01
2.446707627343269742e-01
8.718820571405669906e-01
-9.719732814505586127e-01
