-5.728535333670432550e-01
-1.996555053679325564e-01
1.618898384581370919e-01
3.413786433577171708e-01
2.676122436423931661e-01
7.791154132135831301e-01
2.074559213238497124e-02
6.784290455003846310e-01
5.926549222358330482e-01
9.242740700112485330e-02
-6.692072853841573021e-01
4.357907547299362250e-01
-6.521537945600929254e-01
1.564532224310209996e-01
9.369745749285396386e-03
-3.549145768011693902e-01
2.693952996027147995e-01
6.988230735628494505e-01
2.109425263314324839e-01
4.394227037227710908e-01
4.263096639185164904e-01
3.912764547266852633e-01
-2.555960956856006550e-01
-6.660401410227802244e-02
5.347977385003375161e-01
1.305655897475979099e-01
-3.275956895867475072e-01
-1.145768004658289235e-01
2.265790927319690229e-01
-9.346456086335110103e-02
-1.186522220036627245e-01
-4.856896280227240292e-01
-4.597464031995312506e-01
-8.437230162519797627e-01
1.529039382528795121e-01
6.501859703535045609e-01
5.454950403274748671e-01
2.259447208952123365e-01
-1.775146072947648423e-01
-6.698070147084379533e-01
2.605443237368838538e-01
-1.348447056280838684e-02
5.290281341132420101e-01
-4.335948150662740086e-01
-3.415117331524600286e-01
-4.453280086206899413e-01
-2.238339605508582186e-01
7.266073420526449889e-01
2.275900823243668103e-01
-3.834068814561083886e-03
3.849179573064223647e-01
-4.939649135971228011e-01
-5.955554279412080820e-01
2.883010496282976121e-01
3.535939702337482227e-01
-3.989418888880444380e-02
-4.032808186999528033e-01
-2.744259778718836085e-01
5.468869005538097294e-01
4.733673660269466787e-01
3.596715534446409124e-01
1.949090660527682262e-01
2.338288729876474570e-01
-2.778889980236667889e-01
3.379434076748481508e-01
6.632394186576192618e-01
6.928566885155752475e-01
6.355379749032449288e-01
-2.917689773180039414e-01
-5.033004114886852065e-02
-6.119309442571826407e-01
-6.679173334425848874e-02
-6.073860751960377113e-01
-5.155527216551899494e-01
5.015362579845816793e-01
2.212778082250217992e-01
-2.707392226932973101e-01
2.499728851794999207e-01
-5.823002266286425588e-01
4.832981864683946749e-01
-4.848062342380012324e-01
-8.108326389794736633e-01
5.093681666607265957e-01
-3.357299247042292989e-01
-1.652920951372122138e-01
4.263378781682046759e-01
-3.199611856832695281e-03
3.729138299586623462e-02
-6.207474865229525296e-01
4.856264447006919394e-01
-2.344059184603922152e-01
-2.690272594030191922e-01
4.050119901598672190e-01
5.136473239244475353e-02
-2.726775173123325291e-01
2.266416170991032708e-01
2.689727416574179686e-01
5.947987916110160089e-01
-2.252230940616563037e-01
7.430173059199239247e-03
2.760576333927065584e-01
-3.979386946288420712e-01
-4.751222677947871675e-01
-6.888486966927682975e-02
5.472515252583934897e-01
-6.705070636290534347e-01
-5.489124760633071892e-02
4.841065788386850754e-01
6.602104156822946601e-01
-7.382837654593992216e-01
-8.237156411730454930e-02
1.721700425407635821e-02
2.957867111798870297e-01
1.971163484115190934e-01
4.106269527404107222e-01
-2.918782071700902758e-01
-6.204701937761685215e-01
-9.806028017583216794e-02
5.459645050374350994e-01
-1.664427377489667292e-01
-1.896232958920013312e-01
4.137539972205244165e-01
5.084741185375638572e-01
2.696930102563850351e-01
-3.863593635683252869e-01
-2.280204441454019015e-01
2.731270597943918910e-01
7.299813099191302390e-01
3.502401197278376954e-01
3.513924247742032936e-01
5.224390178860951472e-01
3.539374079204196666e-01
-5.357348948974454128e-01
-7.641127274730842300e-01
3.753423664524804110e-02
2.247323943887500342e-01
-1.334711247730313854e-01
3.861831699486173441e-01
5.961232482267483368e-01
-2.189709614663776505e-01
-6.074696526203572366e-01
2.058205330182567294e-01
5.222212764364910637e-02
1.325688616987897028e-01
9.008231908606316451e-02
1.927489973810709856e-01
-5.264022849210135691e-02
2.948228227976603111e-01
-2.904881972847279670e-01
3.367404213258973211e-01
5.166843648037992009e-01
-2.452138655050542237e-01
-2.832149474747705509e-02
4.684057737592622339e-01
5.089004939618618772e-01
-8.279739992153470896e-01
4.764779649436582387e-01
2.527629557292393123e-02
6.470338966977929873e-01
4.788074591396952739e-02
-3.441233688079610165e-01
3.166386384367734230e-01
3.671863106775143382e-01
1.618977688875601340e-01
-2.357101379376095041e-01
-3.810353668603093102e-01
3.377478744283999301e-01
-4.085294425950778963e-01
-6.079716388349682976e-01
-3.187732703170241266e-01
6.290046998008185231e-01
-2.106609582176917350e-01
-4.796256507765302990e-01
-8.053531687308937981e-01
1.289308718456793346e-01
-9.194418831787487534e-02
-4.756948245259290942e-01
1.687103481241312430e-01
-2.027437724102960914e-01
-3.196383886477843772e-01
-1.040974932533904329e-02
1.999001800533478368e-01
3.277295945620303241e-01
-7.645264235171418676e-02
1.279572338638908513e-01
1.354435394000100545e-01
-4.478907979239963866e-01
-4.893866581186923082e-01
5.740039843722888335e-01
-5.923740791063653033e-01
3.337950299232953499e-01
-3.986405286935343906e-01
-3.598339398951407864e-01
-1.278618926791517396e-01
-2.626398494082485824e-01
-1.974691608198718695e-01
4.058515500451076452e-01
-2.858184210659148738e-01
6.507453238030551645e-01
-6.112844382681590361e-01
5.348890408985904621e-01
2.183440654763492139e-01
4.942042816313759190e-01
3.035692899763811625e-01
-4.819500513952830745e-01
3.097331800572977190e-01
8.074282147215554317e-02
6.236097982653371341e-01
-5.181294097085820116e-01
3.968707338639454463e-01
-4.980976139446831596e-01
-3.820157152192296124e-01
2.905398920161331167e-01
-7.169086281554117868e-01
-5.936058154005948717e-01
3.511137524505142382e-02
-5.861662176643028799e-01
-4.748543214786312139e-01
-1.309867250750086642e-01
-7.701479845560345316e-02
-2.860639944693131875e-01
2.485594110087633035e-01
-3.870913284586126046e-01
4.956642346032048008e-01
-5.855482940019687277e-01
-1.953979210661756227e-01
6.388518001875221897e-01
1.017781962539827077e-02
-2.467904050579422803e-01
-1.983044463776200902e-02
-6.599200401478443057e-02
-1.370394300227672502e-01
2.408360341257274051e-01
4.249765104513894554e-01
-9.417486709520229982e-02
-3.343066496067811921e-01
4.135576573458510374e-01
-2.276125532547002284e-01
-2.803938055965466969e-01
1.012282144754570734e-01
6.457916617535764958e-01
-4.931965729190779801e-01
-1.892941685790671680e-01
8.028807482082975788e-01
1.540489277111745936e-01
-3.683266276885609480e-01
-8.344164146923037650e-01
-9.608495878318638883e-02
6.392910180331331516e-01
1.649358947992819457e-01
-4.428953720483014833e-01
-3.113671868818725930e-01
1.495922117592010936e-01
-4.866392003127970045e-01
-1.277483986080976130e-01
-3.533478054689661030e-01
5.157568875451404855e-01
-1.802956135777628033e-02
8.612550066010192795e-01
4.302772853996600366e-01
5.108546818405437229e-01
-6.516407557036421605e-02
7.070782334518521672e-01
7.333359117986801845e-01
3.511865652414568051e-01
