-4.381072679618911447e-01
-5.097210330913937160e-01
-3.361581328060717078e-02
-2.371404073040120908e-01
-3.648631031711599970e-01
-5.018471544419783603e-01
-4.560603318791022209e-01
-4.149400247134511499e-01
6.244227336703143116e-01
-2.359909334590517271e-01
-7.752756012834796651e-02
-6.971843594613920114e-01
3.132454030915299836e-01
-5.345897161357472394e-01
-8.409812627025060883e-02
-1.487296655809594859e-01
-3.443436695217022558e-02
-7.271059807618502902e-01
1.545329732790864385e-01
2.023870167676006804e-01
3.770993109634572238e-01
5.335037416862898896e-01
1.111482536829593443e-01
-1.857060461531821194e-01
1.989411141999693211e-01
2.140856167093164453e-01
-2.448939886003217437e-01
-5.701441031245797764e-02
-6.152904780706813792e-02
-1.213523286811316326e-01
-9.921750535328786869e-02
2.047731977160335837e-02
6.445071672343560820e-02
3.936795981362980479e-01
3.375211155562735793e-02
3.939107321475031065e-01
-2.897264675328455885e-01
6.422925718423758146e-02
4.285815335730806530e-01
5.786692502278291128e-01
-3.159054863923601020e-01
2.702866795036388825e-01
-4.216522345828377372e-01
5.676486521853560396e-02
-9.399468533823597538e-02
4.539147663936041743e-01
4.468422831357561353e-01
-7.123311469546682595e-01
-5.173537302326681742e-01
2.848682054374396255e-01
-4.622016620950044063e-01
-3.856201682636200556e-01
-1.859366795156695285e-01
-4.151750218705214657e-01
-1.256824291221691203e-01
1.850554197910655174e-01
-3.627867425183509686e-01
5.386219482868954689e-01
5.971739564859168681e-01
3.790626463114928901e-01
7.212321409216656543e-01
3.800566075202517768e-01
7.072132494812706227e-01
7.162513902374639807e-02
8.288157072218012289e-02
1.369736414573504146e-01
-4.754562792761196088e-01
-4.177575516725446358e-01
-4.436327003588194096e-01
1.525088215192794139e-01
-3.034352366593199291e-01
-4.587971833518811327e-02
-9.593395174988209040e-02
1.134758971129420924e-02
3.881386501827985280e-01
2.003897717625897357e-01
-5.178615844227379972e-02
-6.481796606551884499e-02
4.733422653544484549e-01
-4.540856311237242426e-01
7.426126740359091372e-01
2.397548043621577363e-01
1.621546290639896970e-02
-4.208757024629335985e-01
3.117391917870133144e-01
-5.784756283235069629e-01
-2.316684170825608069e-01
8.849096559616864699e-02
-2.120212615270588574e-01
8.471754652024932053e-02
3.358374050807614308e-01
4.559659822129765727e-01
4.490098888590504655e-02
-5.921877787172236118e-01
5.798871068725903744e-01
-4.233160931129835158e-01
-5.093171836941703390e-01
4.217446312588991608e-01
-3.837776713186349942e-01
4.354044261276902583e-01
-5.198534004097852268e-01
-4.498632421423316430e-01
-1.120295792612166219e-01
4.042450235882582565e-01
-4.387561481425744092e-01
9.702598838725098873e-02
-3.090536760344823608e-01
-2.192812660543827161e-02
-3.047060121479610584e-01
-7.554323988475455942e-02
-2.885675707943899937e-01
-3.799109680610053275e-01
3.057886192163778993e-01
2.608493124430852905e-01
-4.215261824103005983e-04
-5.193048518287144422e-01
2.287199748417184098e-01
-1.501967538177333417e-01
1.223732865135767484e-01
-6.623263511170671691e-01
3.154578686226708895e-01
2.681560043926187187e-01
-3.158793261977238531e-01
2.842972072560459584e-02
6.158438324786936757e-01
3.553487910624889001e-01
1.603357614869667103e-01
1.475694380060696420e-01
-1.054856493478947971e-01
-1.297109309015583856e-01
-6.417056601300406005e-01
-3.106148822525320319e-01
1.556295580233476583e-01
3.220024257344333840e-01
1.261418503511991529e-01
-9.378867926968950663e-02
-7.508988776167457857e-01
-3.774099084408822913e-01
5.648563517381905985e-01
1.245368581696770505e-01
-5.991977149794471824e-01
6.419916947082598968e-02
-3.034439378413454347e-01
-4.587910228846057148e-01
3.365931301099956419e-01
-3.138966414204655830e-01
3.912771442348697559e-01
-3.977728418521161435e-01
-7.016659029386833613e-01
1.242446254290444363e-01
-3.757020176185222327e-01
2.276014426879701402e-01
5.967962493636809196e-01
-3.160768002912258678e-01
-2.921212853076162741e-01
1.924024716043350458e-01
4.984483839939134187e-02
2.292324506339460388e-02
-8.525276095664813258e-02
1.744741218035815167e-01
7.174760237661098605e-01
-2.547206888747899356e-01
6.061220840994759884e-01
6.287468199613265307e-01
-4.431926737384140336e-01
3.031328793469079685e-01
-4.921315730615229422e-01
4.844035245243408228e-02
-2.837099664572268476e-01
-3.737558661722805708e-01
-3.972944575393032585e-01
-7.710126153232363388e-02
3.379802067312517311e-01
1.935704151534655693e-01
3.060186389583006983e-02
-1.030793349181882701e-02
5.986536636644760323e-01
-1.891324103235426657e-01
3.024241511426393747e-01
-2.972684749745850286e-01
-8.476244734420135263e-02
2.488122436042726204e-01
-2.129009989771034062e-01
3.754794966582579718e-01
6.073593542322952565e-02
1.816221410156406424e-01
-2.579158281804945219e-01
5.747602359867630406e-02
-3.722404275985277122e-01
-6.186535925178721085e-01
-3.771155845436732768e-01
3.522752337991262861e-01
2.738543908647620428e-01
2.979947548014276471e-02
-3.081537009371009272e-01
-3.821317441428734862e-01
-2.381951764444029673e-01
2.213271601929258092e-01
-2.638588625531644860e-01
-6.613478455375162990e-02
-7.926539846352145813e-02
4.679427877341180708e-01
2.885332740718088429e-01
-1.148536116167541143e-01
5.135102294336624240e-01
4.200412046045327585e-01
3.669754158299228242e-01
-2.776656707998801932e-01
-2.314143330030196122e-01
3.963448467713945877e-01
-2.859077532414199818e-01
-3.288235559953832099e-01
2.721511547728053815e-01
6.847686793051585008e-01
2.689293923941861175e-01
-4.078096089036858940e-01
-1.702867381810856395e-01
6.933305215027465440e-01
3.212879332684036027e-01
5.220504433625903218e-01
-4.862806154790220159e-01
-1.257859819771332266e-01
-4.855371168341662824e-01
5.993283333825764059e-01
-5.402262752990717454e-01
-4.520512875463114089e-01
4.632743953963875949e-01
-1.708828978478386107e-01
-3.189954169605025980e-01
-9.189822979911721479e-02
2.845310818383450790e-01
3.017338503762035384e-01
8.040322799204724369e-01
-1.857591390273010401e-01
2.531505256866097842e-01
-6.863775880180151834e-01
-2.178546279377496231e-01
-5.627703194438767875e-01
-2.656813195875877276e-01
-5.731141144151246092e-01
-3.006328008394477669e-01
-5.577292714709611854e-01
2.832694953137057103e-01
-3.865215247840635415e-01
4.769307247561650476e-01
3.524459139457276069e-01
-2.052326243727714550e-01
4.547648625412302192e-01
-8.522479773997371222e-02
3.887665421453641024e-01
-1.374991846795179662e-01
-1.515824130247263590e-01
-3.729827048800038458e-01
-6.508921798063532771e-01
2.302833532928066362e-01
-5.981320971732533714e-02
1.278209582141730527e-01
-9.054720855846190575e-02
1.706221765132884538e-01
-2.159054670884804628e-01
-3.408745014543173579e-01
6.671394841821931543e-01
-1.321113806626579013e-01
-8.894800093345792136e-02
2.832985518586102480e-01
