1.433572947337288905e+00
5.089939978818932564e-01
3.709468661571235781e-01
-2.538686099400858653e-01
-1.680642536497367889e-01
6.606168477564701436e-02
6.006860621370699871e-01
-1.985156133483369501e-01
-1.292493721729363276e+00
5.608420594867876696e-01
9.367277991299756412e-02
5.253935101813582698e-01
-1.163899703687660270e-01
9.982828467934535821e-01
-2.888174190717440193e-01
4.542071361738383301e-02
-2.597538439353148654e-01
-3.081084779389155481e-01
1.399712067513975366e+00
9.326700596577770785e-02
-2.796407285731593584e-01
1.671652781331278981e-01
9.842895882084314874e-01
-4.497780686473744627e-01
-4.906133570371828956e-01
-4.761432954129220518e-01
-3.525480448172907399e-01
1.920135669375122034e-01
-1.149070223469919272e+00
-7.003802796934575081e-01
-2.374973836350121464e-02
-6.654714430384653934e-01
-5.425638024014816096e-01
-4.312797613962251475e-01
-6.128859539964059966e-01
-2.321599833422568759e-01
3.886389129658723296e-01
-4.693913378713858164e-01
-3.329510850916195253e-01
1.151631154706468374e+00
9.916969691879672366e-01
-5.148208010982287253e-02
-1.394947519774051015e-01
-2.782415612839644337e-01
6.111418976564072514e-01
-4.494625435233660232e-02
7.159843879757785690e-01
-5.193544360203412591e-01
1.332389724579439161e+00
1.812165598090909602e-01
-1.575910957459266903e+00
1.417894503511546445e-01
3.259931369150871339e-01
-6.810213630395030304e-02
4.721514366453192224e-01
-3.400410586160723114e-01
3.118812420162842547e-01
5.559457393729200225e-01
9.822919987444098111e-02
9.747659217728695813e-01
-5.949276765582549586e-01
-1.703431936620506681e-01
-2.116945029139284118e-01
6.861892356374919011e-01
2.957362592924092093e-01
-9.921298560492072260e-01
9.024249389803696841e-01
3.496823183812631797e-01
-6.427794434946171309e-01
8.875049904735499498e-03
5.940932627838662050e-01
-8.021065872414528952e-02
1.169929090751794076e+00
-4.598325488911542691e-01
-1.292005812602480930e+00
2.945251018705749221e-02
4.162496345369453565e-01
-7.658213858619260517e-01
6.255914470575394404e-01
9.990436412466591198e-01
-6.478565309189144861e-01
1.062492872134515931e+00
3.732767436015391183e-01
6.134507281531056400e-01
2.439864946224059097e-03
2.112130886411894004e-01
-4.733432065460868587e-03
-9.621768945323773137e-01
-7.888446214281898128e-02
1.091730518856072640e+00
-1.372791127361186747e-01
1.788220391115154406e+00
2.780867547839221618e-02
-2.976783151548195727e-01
4.529784229738013646e-01
-6.663602217662896177e-01
-8.439845817162026087e-01
2.143462874787204209e-01
8.399115260918820214e-01
-8.272659784786011716e-01
8.349407723392063829e-01
2.384481804529527682e-01
-8.319460806370602146e-01
8.061535374007618993e-01
5.940863451891934544e-01
-1.083144242989062533e+00
5.112599463086797691e-01
-5.040564137651963872e-01
-1.123303184364396884e-01
-5.249650565466991436e-02
-8.161831727784762958e-01
-2.934079197737064493e-01
4.445605263429625031e-01
-5.503206383820623548e-01
-5.703997656363286595e-01
4.321255501711621094e-01
1.209424614454554181e+00
6.293681643574768891e-01
3.474814509045068278e-01
1.110060208514686675e+00
-3.052746842431977026e-01
7.430517527447938475e-02
1.119288008923175370e+00
-6.342568150807200711e-01
1.407998992314484887e+00
9.183106678620426289e-01
-6.023247358035334065e-01
-2.306089846780972064e-01
9.149780011354634590e-01
2.511906031062870470e-01
-4.222135589705748315e-01
8.812297661027064244e-01
-5.546748317268636042e-01
1.308004417712045342e-01
-1.352785180948638422e+00
1.421274994646186229e+00
-1.617952506712205363e+00
3.479398176925690978e-01
-2.210758474074234758e-01
-1.179133602325582869e-01
-3.137657522415353284e-02
-6.849498384729625355e-01
-7.218382472876490041e-01
-5.034717197688755030e-01
1.607465384798862501e-02
-8.872014450678576969e-01
1.043577801361072754e-01
7.169225930491558429e-01
3.456265746743475975e-01
7.505618554636793727e-01
5.905383608849566757e-02
-1.235564813605738888e+00
-1.683705546841472896e-03
-7.417131147114151002e-01
2.381734262703172345e-01
-5.836075874989162804e-01
9.541333969109290214e-01
-1.273125411773876337e-01
-2.344947038384734197e-03
-1.374058430137080344e-01
-4.693752670264361021e-02
-9.387965220303681191e-01
8.149209384117250821e-01
1.257553714498046704e-01
-2.349811011983751474e-01
3.375747403428898674e-01
-8.028695181734497588e-01
-3.183827333737545562e-01
4.286537701875646200e-01
-2.287831736213558342e-01
2.955070556184941077e-01
1.469376042090496881e+00
-8.785300230826872392e-01
5.721504846776561681e-01
-1.313373683338070752e-01
7.350720848631310256e-01
7.946338934263582621e-01
5.153266667229245979e-01
-2.636844540665148062e-01
-8.718659840369364922e-01
4.652713627745049263e-01
1.067962407466521713e+00
6.011593665560073241e-01
4.129214917810627994e-01
2.943400239671403740e-01
4.802680714002666162e-01
-1.064550585285136686e+00
1.215440732004957836e+00
6.403937367126476543e-01
-2.333827705070445346e-01
-8.140312268562568399e-01
-6.607907532635753922e-01
-1.393441441552079052e-02
4.139818470049513865e-02
1.837976485295013951e-01
5.422074979201353395e-01
-3.415148498029801916e-01
-1.270686125714807213e-01
-5.668758313229139978e-02
-1.026065429231468373e+00
-6.328799137354160775e-01
-1.895484240952148014e-01
-6.181648704214506296e-01
-5.105724853390237739e-01
-1.495917293919070357e+00
-3.062119398687210836e-01
-4.527757193442891737e-01
4.969805614213172462e-01
-4.971016255312261656e-01
4.689678692032071827e-02
-5.401796891024145397e-01
6.778729803977611157e-01
5.221341486532100618e-01
1.328971719399442586e+00
2.149955525133736001e-01
-7.692911295894758750e-01
-4.666009217145385829e-02
2.059760309436294623e+00
1.424091733198704635e+00
-2.178646201220477141e-01
5.027731906506888171e-01
-1.143254310021580622e+00
-3.524728573623459593e-01
9.069365830172987364e-01
-4.790003478747361654e-01
-7.797152103285371894e-01
-3.836303094524496915e-01
6.490033165242572455e-01
-5.124494304972367908e-01
4.336098275897287135e-01
-3.313895783602063827e-01
2.879422248482007007e-01
1.506548142910678068e-01
-1.560101786478717556e-01
-7.769053542980236537e-01
-1.288700822732746776e-01
1.279880468964026130e-01
-2.186959687300101540e-01
1.008388898937914169e+00
-9.117219269703366602e-02
-9.617419017907196110e-01
3.896521924122634539e-01
4.312574347760807503e-01
-5.510764414788650312e-01
-4.670868106621415272e-01
1.050079556870936903e+00
-1.663056411690563841e-01
9.868095682039186300e-01
-1.019705647777928492e+00
2.318529393366877411e-01
-5.487334606514794322e-01
-9.894495060649687312e-01
-1.146337497333761002e+00
-8.234188312094408158e-01
4.961034086266393750e-01
-4.057866755080937193e-01
-3.369363862342369953e-01
1.127857932819796405e+00
-2.428794091431159610e-02
8.589610599389994050e-01
-1.558357985868678297e-01
-4.484262555525090344e-01
-3.196043460189402219e-01
-2.700213924871566196e-01
-4.224558001355073755e-01
