5.161808666239124932e-01
-8.618980116275918313e-01
-5.557363052466181286e-02
-7.630318149577517417e-01
1.359780160897698376e-01
3.000569517594877111e-01
3.814995957144653449e-01
-9.212242103628500711e-01
-1.676410747908182730e-01
3.232957495286026273e-01
7.927008194744012970e-01
6.416477492512361325e-01
-1.009372269963400987e-01
-7.566680642398025958e-01
3.140712490373988031e-01
6.030253253407108494e-02
-4.917002483406771596e-01
-3.879702949250751765e-01
9.791726231912267764e-02
-7.865417663896395739e-01
1.063002980881801729e-01
6.785893991477160991e-01
5.562614303444275432e-01
1.958384192989165162e-01
-6.007101752596207822e-01
-1.304711365973008630e-01
-3.289564766204007840e-01
-4.746942420852766076e-01
-5.234967884359222889e-01
-7.053755524630133111e-01
-7.100176110852418621e-01
-2.639555491429722983e-02
-6.358535396406211904e-01
5.759359598860402940e-01
-2.517220365564619700e-01
-5.148150690925790141e-01
-1.017517892030125742e-01
-5.089898189974136067e-03
-9.034448163358022033e-01
2.121132870322688935e-01
7.647745342734633966e-02
8.504391033323397409e-01
6.528869777755820503e-02
3.499031274007368131e-01
-6.181322299930839259e-01
-4.068139371498154522e-01
7.164133885666913448e-01
-4.311684500574696211e-01
8.553865696046053513e-01
6.363343587045068306e-01
-3.042119189404601243e-01
8.950240169621502817e-01
-7.388009468509815214e-01
-7.032838290248457636e-01
3.523224837642626173e-01
-3.470352403432039878e-01
6.830527042714696906e-01
6.069973832655385648e-02
6.030223988138770919e-01
1.963531648364937043e-01
-2.583696629958960322e-01
6.897465991128668428e-01
-4.101987946598739665e-01
-7.847079063176910507e-01
-2.633295864042272116e-01
5.352411824312244826e-02
6.313467111984315538e-01
-6.949765281688344842e-01
6.830990111115329277e-01
1.602214366102556742e-01
3.497566327143643017e-01
-7.416109636891080603e-01
6.279877862599675398e-01
-4.573851201382083120e-01
-2.883237059910894740e-01
2.847418776592059442e-01
-7.858359624285352618e-01
7.696193055735972566e-01
-4.668635932573196867e-01
7.816503425331836619e-01
1.136492146202179171e-01
-7.721700674545727283e-01
-4.451668213994255940e-01
6.322128836811493624e-01
3.150267945070244768e-01
-5.393182078590565975e-01
-7.187319798199315324e-01
-3.729168981601723720e-01
6.351989221537913677e-01
-5.551590962255728012e-01
-8.604866486836214301e-02
-9.989925255758816403e-02
3.661857235696914792e-01
-2.594087769192081616e-01
8.217119413527572691e-01
-5.143059841885136430e-03
-3.447216651718284508e-01
6.997505394885794594e-01
-2.686368609027083298e-01
-7.085557950976117958e-01
-6.523333311013694846e-01
1.059911846573590166e-01
1.892166774162024057e-01
2.850832686262528837e-01
-2.145968812252163072e-01
-5.627245206997206761e-01
-4.535459665456667011e-01
-4.354167190533895226e-01
-5.108348619258231693e-01
-4.096208855864044707e-01
-5.036250607805796697e-01
-2.003861862475253275e-01
-4.741590572607852216e-01
-1.507784704278402610e-01
5.192314630136968256e-01
1.198046674782293208e-01
6.168055110172230293e-01
1.561689674200259503e-01
3.928847826700421209e-01
8.541582881546065653e-02
4.835728708259923736e-01
-5.255818296078957896e-01
4.033079948839256579e-01
8.327885515630553126e-01
3.688586932595340206e-01
-4.768239450333628393e-01
6.989894374643249586e-01
-2.592310176514243669e-01
6.795942114508281007e-01
-1.224192888186744349e-01
7.448824679192674880e-01
1.704952516843478705e-01
2.511785652989168005e-01
-9.073583807754025399e-01
-1.558621899628382101e-01
5.590742757125668483e-01
8.041343110666969440e-02
-2.605412358381387072e-01
-2.071371997294179090e-01
2.071352060453002519e-01
4.674584740600366550e-01
-7.354485801734671480e-01
6.029918416481671040e-01
-7.222727655748459874e-01
-4.000882983063038245e-01
1.370094370909292758e-01
-6.205869045269395839e-02
2.129077514810251981e-01
5.920332796312732793e-01
8.553989195130434764e-01
-3.199436431935041014e-01
3.072659778630185690e-01
-4.269858453826671507e-01
5.793631095340812109e-02
-6.998003544279941535e-01
5.915838087760081354e-01
4.173514469364469903e-01
-1.139496846979705935e-01
-3.119525100655315963e-01
6.302406332615411166e-01
-4.714532942468429577e-01
-8.331056144645540007e-01
-5.062881248236188458e-01
6.646524816894603394e-01
8.729274744117690998e-01
-6.734766724974248220e-01
-5.099816666827794442e-01
-3.423199683629546963e-01
-5.156475973243432320e-02
-3.499215185629083735e-01
-6.511229319830734719e-01
6.201716877868543865e-01
-5.669411767179103334e-01
1.734908303265034479e-01
5.047903378807040708e-02
6.354322627145012614e-01
7.019527685901080782e-02
-4.525979567912009061e-01
-8.621970534202415548e-01
6.375325399228510825e-01
2.596643431789925627e-01
-3.085307609765060022e-01
-1.928373078879973279e-02
-7.740451164576271914e-01
2.805068837410915616e-01
3.204041513759957605e-01
-3.225366668679718885e-01
1.924420743802702782e-01
7.338108711271756901e-01
6.071763790882882539e-01
-2.242862417273346343e-01
3.814189280775309027e-02
-6.637156572652961328e-01
6.230734841428019477e-01
3.744723177229047906e-01
-2.110442539893773728e-01
6.656746745836312762e-01
9.303765990041000800e-01
-3.628435131696702287e-01
-4.735529240227059899e-01
-5.173559266614549124e-01
-5.513097288392266870e-01
-5.882201248586730324e-01
-7.754055019485588396e-01
3.372683172805040486e-01
6.266122491635169878e-01
-3.030943948749720285e-01
6.754744289395113732e-01
-6.806567534306358080e-01
-3.387800578242996519e-01
2.237448763892626036e-01
-3.015103692182889011e-02
7.084921188120323343e-01
6.061058481562346945e-01
-2.450085110930919075e-01
-7.719989785418162054e-01
-6.381504863136681083e-01
9.486436677542890994e-01
-5.542184365108995259e-01
3.047480030178976729e-01
4.271671313560488903e-01
-3.448642228164728873e-01
2.526075503423535484e-01
6.543226981171984535e-02
-5.538390335954630483e-01
5.205618793522733823e-01
-5.716800896595780612e-01
-5.039011079080734090e-01
9.851792530011151128e-02
2.607533232212697616e-01
-6.008311770827390319e-01
1.732360748937590289e-01
2.019651333204022792e-01
1.364182525738322771e-01
-7.274439810974904219e-01
-5.874702694306606077e-01
-6.079886251313020296e-01
3.946513597423915720e-01
4.882327091144844089e-01
-7.958265469917082946e-01
-4.267565954711352028e-01
2.852487789258046913e-01
-3.437767401077486407e-02
-6.586050813155737149e-01
-5.778639039871298344e-01
-6.938446161481081065e-01
1.308453602133479998e-01
-1.753594262409775562e-01
-6.890712827757941028e-01
-6.950525799957505552e-03
-3.439638741796751109e-01
5.752375390721964354e-01
8.563670043826551170e-01
-3.772791244618827200e-01
-1.384753901428626699e-01
-3.395344323354034799e-01
-7.049302499078159423e-01
-6.710790027615598508e-01
3.024864290789757715e-01
7.580747293289441524e-01
4.465153365951329834e-01
-4.905916049039028143e-02
7.523408946039181755e-01
3.128915850222629275e-02
-5.452182584351127348e-01
