-9.528785619942622409e-01
1.031909919147202981e+00
6.926558728218960015e-01
6.255054328734844793e-01
7.330184426385004670e-01
2.561591388019476279e-01
-1.856073394472132487e-01
-3.663785655390601192e-01
1.576042499956036735e+00
8.520843841534024854e-01
9.253163847773547834e-01
-2.126120513847089555e-01
-1.580320352913270110e+00
4.055760127917528712e-01
-1.248880717540028273e+00
1.329277201886794324e-01
8.817708862880676568e-01
2.596552836475568560e-01
1.742962713970453104e+00
-5.368509840721709114e-01
1.035775719330211120e-01
-6.246355569387130879e-01
6.039776734721825635e-01
1.119772420901020027e+00
6.900729022013090130e-01
-4.017778790921507914e-01
7.457617207916595881e-01
1.734587560239361448e+00
-2.806404520363693922e-01
6.900412662428252464e-01
1.395601070548048994e-01
1.052716035795668414e+00
-9.503155498473474516e-01
-6.400712582322204414e-01
2.792859908205996833e-02
3.814100160355273772e-01
-1.898780531509867697e-01
3.313517002419319457e-01
5.919371402984172637e-01
-2.357684939850881733e-01
-1.075576563448630063e+00
7.384612323005762535e-01
9.453193615049469700e-02
7.181411114665858797e-01
-3.681668136526021207e-01
-5.266460317754358966e-01
-5.688539503845988499e-01
8.146324780407221411e-02
-2.486149412502756118e-01
3.573415994308408172e-01
4.206453877615141668e-01
1.189162634079908631e+00
-1.181982045527575798e+00
4.627052217906631182e-02
9.896549104358528526e-01
2.622759382604580303e-01
9.380316316254494469e-01
5.480618654270261736e-01
1.258967778280987992e-02
4.668541046206985956e-01
-5.530675987680255812e-01
8.921076627680485371e-01
1.879332810387375763e-01
-1.189017929724542066e-01
-5.629412817285586040e-02
9.112976336451540649e-02
2.579008925116750839e-01
2.037214560127852403e-01
3.539654557115086142e-01
9.546616325367721090e-02
-9.835584723795809392e-03
6.648987882260413151e-01
-2.745042236561495486e+00
-6.420658968691307367e-01
-3.612992043643984408e-01
-5.825724467629285197e-01
-1.152733215247790710e+00
9.653600949868946790e-01
-6.722751371136787002e-01
6.138603754237466070e-01
5.549823792185115678e-01
-3.436547942523543453e-01
-5.175952577396515375e-01
7.314693777091588744e-01
-9.949406185347524634e-01
-8.189854890876334670e-01
-6.278657382201363601e-01
3.862909031392224718e-02
1.269679352386051452e+00
-3.755672282918139093e-02
-1.397891765528436192e+00
-1.441143190405409058e+00
-7.593563652133449304e-01
1.807892451094943675e+00
8.201286598300079334e-01
7.568882859268195595e-01
2.000069947809467674e+00
6.798074103831617254e-01
-5.372598487235626108e-02
1.272793158109255973e+00
2.842451992366922808e-01
-9.079723667762917838e-02
4.231182767465289096e-01
-4.156633893054629408e-02
7.026313599887406003e-01
-7.173771937190630554e-01
5.752622005537689764e-01
-5.714767818416461864e-01
-1.176765854292062485e+00
-4.906350292895972909e-01
4.994721624507297286e-01
1.535476408186234654e+00
-1.216233611661397873e+00
1.463039181154370538e-01
-1.866136376144303277e+00
4.331538666128524340e-01
1.397288043984924455e-01
2.316591965645303230e-01
3.429766173431723075e-01
1.144724323491228768e+00
6.485383377178617348e-01
-5.079091551603560212e-02
-4.425528559946246276e-01
1.409178813564283095e+00
-1.008064682136582957e-01
-5.459607980421545825e-01
8.895506517573600891e-02
-1.604002008045002370e-01
8.284232698963920338e-01
-3.115315270279486737e-01
-1.901097023218056181e+00
8.726876303903771115e-01
1.134141505739262534e+00
-7.270354232278443130e-01
1.278773929355897065e+00
5.253748626688847789e-02
-1.241683322807574930e-01
1.278296341920058588e+00
-8.563924908015774218e-05
-5.862128621617718194e-01
4.510806016347914671e-01
1.296186208766773262e+00
2.615130119284273524e-01
1.602147882012500801e+00
2.702290127707182243e+00
6.118434632638209969e-01
-5.968476225795680268e-01
1.131397117050820800e+00
2.284297167192863132e+00
1.032311577167009276e+00
1.900507882755778866e+00
-5.370065106566470625e-01
-3.186881450499168267e-01
-1.945136251024374152e-01
-7.286287609471334692e-01
2.923631498305094278e-01
1.020258986582567584e-01
1.226010396188542684e+00
-6.578801104772293018e-02
1.590835785629848842e-02
-1.210441182045018049e+00
-4.552888148748575059e-01
-3.550017019484743575e-01
-1.974956207613774994e+00
9.890523120756798958e-01
1.127086197222334496e+00
-2.795100232381277361e-01
-6.512430363362926578e-01
-1.381099736861732541e-01
-1.333474165777390530e+00
6.547135066105440604e-01
1.103781907023174913e+00
3.041235964231661093e-01
7.550935011268872232e-02
-4.908130547157495971e-01
-9.332533470415265153e-01
-5.823994726904232477e-01
8.644679177922997004e-01
9.516283074623210769e-01
-6.035371911372133802e-01
-1.742787491903333263e+00
-8.809968507813192851e-01
2.383248072583701027e-01
4.094487755642592930e-01
-9.214484401084994669e-01
3.492091321497932388e-02
1.659174107759791461e+00
-1.954652187615375292e+00
1.548207699355625966e-01
-1.491458659863728609e-01
-4.530713969178811196e-01
-2.231724953677212575e+00
4.137476041340970023e-01
-6.623244702085878677e-01
2.781954764150296744e-01
-8.293891005859095333e-01
8.123352760312918530e-01
5.868578621812355067e-02
-4.608418207699436775e-01
-4.908321429925058821e-01
-5.667772704023384955e-01
9.644183024854241504e-01
-1.272869773838870788e+00
8.695610164864084335e-02
3.316273267299357230e-01
-1.580683460289715736e-01
-1.189659038159252669e+00
-2.979657872649068007e-01
-1.301185934727177695e+00
-3.294887934461410706e-01
-9.602903963549700439e-01
-4.045845882107801939e-01
-6.969223268005281247e-01
7.951036031629573619e-01
1.050797057769434772e-01
-1.828013656800169473e+00
-8.117053816464305793e-01
4.725002677476831114e-01
-1.070399195181408691e+00
-1.147435609391097566e+00
-4.944113428454505188e-01
-9.016650650808510914e-02
7.930810797771857823e-01
9.791139982565925104e-01
8.530234527915513398e-01
1.060275648299025431e+00
-2.595763188706603497e-01
5.797301860919960026e-01
2.006767746991911849e+00
1.154988351459357715e-01
3.575363321450273912e-01
-1.338137038217926067e+00
4.132899205002683596e-01
6.185676343577430902e-01
-7.013759799625536584e-02
-7.469657446643711562e-01
-2.849466941854659208e-01
1.699780869412614415e+00
1.571345231963465094e+00
-1.191388442767256084e+00
-8.515481682259661289e-01
1.545806672452907815e+00
-2.905452755404299703e-01
-9.532706262457754098e-01
1.509867877067988529e-01
-1.849051308278667705e+00
-4.677992782522642501e-01
1.243331101142725048e+00
2.586315359234896971e-01
-7.339375538174319757e-01
2.326644999378131018e-01
-1.101992414627004369e+00
-1.352591871617159214e+00
-5.573360395175349646e-01
1.270515413155774764e+00
3.621608861788090661e-03
1.723657476419504953e+00
1.071853818524123036e-01
1.175141040835570860e-01
-7.443507743124974096e-01
-1.562029808024190114e-01
-1.295635673850679792e+00
5.165777014923265131e-01
9.396592890601160875e-01
1.266934622583028247e+00
