3.365469792618123179e-01
3.654888740221891585e-01
1.761086090176693930e-01
4.339831643855067700e-01
-1.133998674053338096e-02
-5.749313425375589537e-01
6.193758487303593352e-01
2.476895564657591586e-01
2.965615715035743172e-01
1.046043500239639990e+00
3.465293758008011205e-01
-2.738544328588873311e-01
1.124581209561469786e+00
-7.154983522630239956e-02
5.454933913235557874e-01
6.040045159733984509e-02
-9.033365933182069263e-02
9.090835450091733216e-01
-5.155974098604974021e-01
1.118655625256622210e+00
-8.857987630482975216e-01
-1.582029193018252400e+00
9.324915797638707593e-01
4.203309615619692519e-01
7.610706258148247638e-01
-9.754202368865891870e-01
-2.015072138411833080e-01
3.588455467250826203e-01
-8.856071080557146313e-01
4.120265435235681561e-01
-3.953120563204375326e-01
4.719691984241767280e-01
-1.119699633504893654e-01
4.041107571151931754e-01
-4.620681814863591974e-02
4.576398325707071724e-01
-3.199401582536658406e-01
6.127879189804930071e-02
-5.579883431835885865e-01
-1.673646443958554109e-02
2.655817097604320498e-01
2.812920731038668354e-01
8.180831507051660179e-01
-5.777509352435328260e-01
1.855932728508460361e-01
4.892010191611053660e-01
-4.816167604255436885e-01
3.261882081754894358e-01
-6.566460980017028159e-01
-3.846605884277600751e-01
4.720490239092607343e-01
2.448758506659056700e-01
7.266323681220276942e-01
7.661789615109808604e-01
-8.449561193563133177e-01
9.742516731607802072e-01
-2.075237517536108189e-01
6.199601984055469472e-02
8.918279926300245464e-01
1.155296121184115066e-01
-8.290647051865525086e-01
-8.107950483497119443e-01
-9.322790091596733220e-02
-6.384902836346157962e-01
-9.108248602918909143e-01
-2.374760667174022899e-01
-9.482904218307497413e-01
-9.169860587602194357e-01
-5.898129183000977438e-01
-5.167821639697518510e-01
-2.102547531678784498e-01
-4.944082068888757675e-01
5.243525142477170053e-01
-6.323231880547914852e-01
-8.283253910810286502e-01
8.422930813038271847e-01
8.947599909459693635e-01
2.546971003317364257e-01
-9.328428645281143794e-01
-2.371399127036608601e-01
-4.874287351679016389e-01
-1.275443517558971784e-02
-8.604056654582590280e-01
7.338433676503592906e-01
2.183648767245307543e-01
-8.172630378700578291e-01
1.640132011859085637e-02
7.048675646966675590e-01
-8.918900250745804836e-01
7.591429022926958758e-01
-1.261643389019087014e-01
-7.569495874151357384e-01
5.986122503633017899e-01
1.829509338447359301e-01
4.526767185822966333e-02
-6.558423501174410752e-01
6.010545073349959910e-01
-7.591737875896200638e-01
3.172112764719210443e-01
-1.608561838030402313e-01
-6.740002955377946137e-01
-8.271181064323156473e-01
1.657911361497597102e-01
-3.320787785258816349e-02
-1.652086591109380720e-02
-2.318310871803777040e-01
8.001901151357304620e-02
-2.860973794124177516e-01
9.879581378759199062e-01
2.931980047411035795e-01
4.454279019692450881e-01
-5.979842856080699320e-01
2.554129665011111161e-01
2.614100318972301107e-01
2.705260976916723514e-01
-4.798686482402225728e-01
-8.810799822653443414e-01
7.368423782361250840e-01
5.861375130924371124e-01
-5.169834543756663958e-01
6.936511454657172671e-01
-7.598838775352707575e-01
5.527111330081146967e-02
-6.290881446332010629e-01
9.291124805562309685e-01
-5.924087539948621473e-01
6.205404079754623936e-01
3.517752155199724839e-01
4.729182836768399678e-01
-6.811270943760909802e-01
2.215652693447931476e-01
-1.283576770153165292e-01
-2.764715215765107814e-01
9.514323411998628632e-01
8.860990097646315178e-01
-1.590692104170707832e-01
9.218555589965697905e-01
-3.391492523509809232e-01
-3.590807742486834542e-02
-4.899235244258375310e-01
-7.175959508884217630e-01
7.539271756894705412e-02
8.592817646236332596e-01
3.958651980868497233e-01
8.352107319015520392e-01
8.055344744127106438e-01
7.336762738563353814e-01
2.775241278439555259e-02
1.216271988142343385e-01
-4.869727826779088886e-01
4.397622506017555555e-01
5.522582535593367759e-01
-9.012417026256112074e-01
-7.530251756922297091e-01
-2.411288709440961853e-02
2.257426570162142099e-01
8.592392315144767867e-01
-4.214715390436196696e-01
-1.292146104643943083e-02
-5.192882838705685788e-01
-5.116751436847559731e-01
-7.416593643162987526e-01
-3.378969193517054048e-01
-3.350202160882966851e-01
7.672146098882073328e-01
-6.125390369458210138e-01
1.469354432984149028e-02
-9.669299393667394327e-01
4.517166054078316506e-01
-6.708265056794904257e-01
-8.984221742064311123e-01
6.225194951047055003e-01
9.375176384407488683e-01
-3.819510205759060195e-01
2.333923826400108315e-01
-9.688498726633980596e-01
-1.099057813683224083e-01
5.556976047684862863e-01
1.418882085535020376e-01
-1.323960980210170391e-02
5.078965537642872174e-01
5.214814264815190725e-01
9.059498128522340821e-01
-2.172708984513205266e-02
-8.835168630083545249e-01
-4.006686477910128552e-01
-4.300910784182074842e-01
-9.875768119890429020e-01
-5.251381136258719273e-01
-2.842704863625242773e-01
9.942994502144462121e-01
-5.988152923114178350e-01
2.552581092927848072e-01
-1.984511911472974788e-02
2.408518525235614494e-01
9.523484463644482645e-01
9.769770705988898296e-01
-2.222427050904085544e-01
7.225610786921174977e-01
-5.669954444184968079e-01
-8.469049339059859793e-01
-5.762905710714356644e-01
-3.034335682341005036e-01
-1.967462255453880093e-01
4.354991485605941293e-01
2.066027803209216085e+00
-8.556637504850495013e-02
-3.372877947240872643e-01
-9.552126034833322565e-01
2.053748994330140132e-01
-1.627588190487743169e-01
5.903693880832820984e-01
4.018050344891472836e-01
-7.558261621872790492e-01
-1.100903667796075958e-01
-1.431437172893179621e-03
-4.914053055307983087e-01
6.444225053227135014e-01
4.858903223890949086e-01
-8.361146986464196296e-01
-4.808057117843798078e-01
-1.231182612076642258e-01
-4.059528077241827404e-01
-6.980419533942017196e-02
-3.259297217613419395e-01
1.126616475539767848e-01
-7.231109339370853650e-01
-3.042660583882581538e-01
5.814178850706421819e-01
-1.000897603512522771e-01
-4.103731462112625294e-03
6.806144119448078733e-01
3.000570128269237635e-01
4.647653982021142660e-01
-3.384678028862844190e-01
-5.512750947392575096e-01
-6.941089420618469230e-01
-6.908860424488292296e-01
-1.607729950690810483e-01
6.025656557218184162e-01
-9.781672117967794566e-01
-4.090546716203080635e-02
-7.811832434089311938e-01
4.766660289772606252e-01
8.386328369148909889e-01
3.260521770785980156e-01
-6.760394709545973768e-01
4.774025603453200262e-01
3.436108344244177548e-01
-8.127777690247803832e-01
3.832785127609728004e-01
-9.975970579251010051e-01
6.521532471789357466e-01
7.582422940721371685e-01
-3.243049344496116149e-01
3.163634076768133685e-01
1.123466259948731061e-01
-5.602562776256814203e-04
7.973457099199863229e-01
9.915473139170685180e-01
2.308241812450537722e-01
2.787193121458535483e-01
7.932704310994738162e-01
-4.488082353584565976e-01
3.996202805393407331e-01
