2.477990426929839174e-01
-9.559007947965432184e-01
4.055025660890949624e-01
-5.536161144473306095e-02
7.747779200424038670e-01
-1.526414280737831142e-01
-4.234469808208223274e-01
-2.192067699011175375e-01
-3.549598353168110787e-01
-6.612626748366379204e-03
4.078881707144570434e-01
7.610726539718872807e-01
-8.302045642444288998e-01
6.353027901144026046e-02
-7.763365512045328209e-01
7.606184241531692702e-01
9.026268564236681335e-01
-1.188551172263045963e-01
1.335256241510545117e-01
-2.792256778530033401e-02
9.565576242317117561e-01
6.592532320111625932e-01
-3.464196406885478030e-01
-3.434964916555103276e-01
5.862188495026092738e-01
4.620370560950013417e-01
-4.186323230922377459e-01
4.986945729678069483e-01
1.906884777900121897e-01
7.542096177871109308e-01
-6.129249750617793424e-02
9.411546981407665768e-01
2.763540241946140785e-01
9.996918648629777859e-01
-2.546022194805848127e-01
1.297034412706632445e-01
-9.629839902564296672e-02
-8.497912796457933737e-01
3.211170631989133106e-01
-9.061643930522658152e-01
-2.617099381426812865e-01
9.516657634990546288e-01
4.021079166212238043e-02
2.223185856048390807e-01
5.406708985351609265e-01
9.710429563413325305e-01
-8.130914101409361106e-01
4.798922528339666371e-01
3.390604635708631687e-01
3.468408458658536198e-01
-8.901896544457301719e-01
-6.468356068614555809e-02
-1.762800507870814215e-01
-1.953899638639187142e-01
-9.421697458850453177e-01
7.678034594848202055e-01
2.097938847684610586e-02
-7.428042713596136881e-01
4.656186449766788193e-01
-2.904515616297116409e-01
-7.055755139798951525e-01
7.827287498286394918e-01
-4.049355343863616508e-01
5.046309726464111023e-01
-2.125948169437053004e-01
-3.783551515118455111e-01
5.085866381979333717e-01
7.865999853312088952e-02
3.769843730085380429e-01
-2.787297548005667203e-01
-1.610629910500489537e-01
-8.294147039517532072e-01
-8.198278180393148151e-01
5.059418769371455404e-01
1.739859014484530508e-01
-2.450207165816515875e-01
-9.303209263668332785e-01
5.053130484080843310e-01
-1.473078298145695797e-01
5.651796257827823577e-01
1.845593452673988111e-03
-5.349933138424582957e-01
8.054252005013819993e-01
9.037928933043757329e-01
-5.740373396804412387e-01
7.827562257829545622e-01
-2.129765822207942971e-01
-7.922404734728161202e-04
-4.680427570238034907e-01
-9.434281030366249432e-01
3.991160722025466345e-01
-5.034971863045361040e-01
1.412977846135232696e-01
-6.435394777826219936e-02
-6.961809467906812099e-01
6.793321764461306422e-01
-1.278385575761880055e-01
8.190433762323616751e-01
6.124020704475994226e-01
9.234336670728338081e-01
-8.524240441809096680e-01
5.237218278392521409e-01
-5.263707861265360943e-01
-3.791281323354411814e-01
9.012529161297591074e-01
8.483372175267045456e-01
-4.005176191280610531e-01
-1.441703671753133964e-01
-6.880501754471324283e-02
8.216969780519953748e-01
-9.691069450964782117e-01
7.851374542315969762e-01
-7.387776032032311591e-01
-9.926740094403776471e-01
-7.236150027512975313e-01
-2.474328656565161211e-03
1.611048824967156179e-01
6.942897081622581013e-01
4.519382907539999383e-01
-9.884995290302756032e-01
6.841315984844837939e-01
2.025268369464841012e-01
1.317288331546853097e-01
-3.201170366158188063e-01
-9.703294451459607561e-01
6.249457704018106519e-01
-1.336267109437023759e-01
-2.732207598662315107e-01
-1.869131228281295520e-01
2.847246388141182472e-01
-4.686918121616967525e-02
-4.511122495229815677e-01
6.910276807306805491e-01
7.429754846875289420e-01
7.346275661886221275e-01
3.026789131196621074e-01
-7.662272290304825706e-01
-2.435746077836318246e-01
-2.094461441887554010e-01
-6.033824059384402805e-01
4.139614656481296340e-01
2.464306648371146213e-01
2.339821095969234488e-01
7.955230544434501727e-01
-8.802571571510358073e-01
-8.155408107253445671e-01
-7.674712494205730984e-01
9.674898586491755825e-01
-7.618186590672959557e-01
-9.023055321293140807e-01
-3.623535595744635796e-01
-5.418707776423015154e-01
9.402183961237822185e-01
-6.229279855993028470e-01
-9.879324165039873318e-01
2.580244075422664096e-01
-3.867236489924557041e-01
2.501094845068907446e-01
-6.854790112577135996e-01
4.468008565144416799e-01
-3.167211745555458258e-01
-8.683115150066991195e-01
2.336056308561391681e-01
-5.272252300762023669e-01
1.338194048300063166e-01
6.398888524428896218e-01
-4.276003044857001889e-02
-8.809964796852753910e-01
3.704160120039712289e-02
9.626824112263234756e-01
-4.174466096312812180e-01
-2.365127558918000972e-02
-9.621237011347312240e-01
5.366150692050974946e-01
-5.665643397225548217e-01
-8.900975864029048168e-01
-3.044043517715191438e-01
-6.409259389848369626e-01
4.032431718625635320e-01
-3.624601190652740890e-01
-9.953794562687900971e-02
-4.733447040695064612e-01
4.694866326850373195e-01
-9.905245059984424394e-01
-3.347918458430252375e-01
9.193266356505351844e-01
7.557017758625572679e-01
-1.384476351332959432e-01
7.165406100035554005e-02
7.450708777232457614e-01
4.397244540755482767e-01
8.746351512087959801e-01
2.074265765359852853e-01
-5.763093964513641421e-01
-4.058761351975588294e-01
-8.913238267658241121e-01
4.904234751968317152e-01
-6.437274020576242428e-01
-6.180907891240390306e-01
-4.513800781812955520e-01
-5.829478184794667506e-02
8.162257113403987852e-01
1.361972768256380917e-02
4.654662139867158377e-01
-9.942389067461163688e-01
4.042667983814502985e-01
-1.670249455227883484e-01
-2.300021529747835469e-01
5.296109766475880498e-01
-1.087994876684028611e-01
-7.781660667340157822e-01
-5.113045375990870056e-01
5.074172709929594127e-01
-4.669731796933751511e-03
5.036540109167164658e-01
9.813945473947254250e-01
-3.160943445264907670e-01
3.625333299923880759e-01
9.116893242623520521e-01
-7.725068930465579520e-01
3.375823892832352513e-01
-2.130367378092223873e-01
-6.625628937400036556e-01
-4.171228274644180889e-01
-5.070887594511952479e-01
-2.770957460190701660e-01
-4.773498688152211233e-01
8.545019885620148692e-01
3.079976255347505187e-03
3.214997476360215156e-01
-2.421625535297167175e-01
-9.289612122268608996e-01
-1.741018346792184701e-01
6.949464651274392946e-01
-3.069540085236399651e-01
9.515069628990868722e-02
5.205137117734404129e-01
-9.242593370550151732e-01
-4.111960657282296427e-01
-7.014544781850016175e-01
-7.063187205973662230e-01
-1.326241141961133074e-01
4.864328696970563470e-01
2.192991251630389549e-01
3.407824618178851850e-01
-4.718313111885654720e-01
1.917023783795803737e-01
8.736577662789613008e-01
2.163727263974148940e-01
6.937602303167251794e-01
7.495037183617763166e-01
3.089057540014461534e-01
-2.288717309123320387e-01
9.328258679677687848e-01
9.813584106888673109e-01
8.982741857061715685e-02
6.399563284428413379e-01
8.449665545716071868e-01
2.706385591080995301e-01
-5.489514632717780174e-01
-4.292491236556206236e-01
-7.030852815649195620e-01
6.914054464304140168e-01
5.608853068062042979e-01
8.587754256793744823e-02
