1.939050998826164163e+00
-1.570422256800587668e-01
2.367237519094009812e-01
-1.490632913066146648e+00
3.250686974427979825e-02
2.796415594547650985e-01
1.190131792860753546e+00
-1.833296038539861117e-01
8.363154799266485639e-01
1.016426469045620840e+00
4.220134689057785105e-01
-1.017762358318138993e+00
1.036316099782082834e+00
1.145836376000195056e+00
1.191084890864994250e+00
-7.553716682004267824e-01
-5.821477969231516614e-01
9.866853362473935185e-01
5.615960198745116871e-01
2.311722688944071180e+00
-5.167674957946734038e-01
-7.227461474820948695e-01
8.374253908085692588e-01
-3.963667503426299143e-01
2.439327256173345337e-01
-2.193900502418466125e+00
-1.492921467065522201e-01
-5.449425629489907941e-01
-1.538404926942249951e+00
5.883668095875826953e-01
1.184126859663352960e+00
2.572732536442906559e-02
-1.393041274509885241e-01
-2.091391234248399233e-01
9.780760906439118774e-01
-7.815044630879630638e-02
-3.873406013329721009e-01
-9.493850074763798830e-01
1.834900994550753506e+00
-4.795607232552576704e-01
1.391043140287377966e+00
-1.101858772294655786e+00
-2.106012448190119901e-02
-3.295240244715157418e-01
4.559491117379801395e-01
2.629723286676516558e+00
4.634779916952757595e-01
-5.541758414152929690e-01
9.768520756585457043e-01
2.014637596370030259e+00
-2.465066011582108807e-01
-3.279786359243191951e-01
-1.238322436038032048e+00
5.149818781863169104e-02
2.805268333156670235e-01
2.085085194767478001e+00
-2.907771879609861720e+00
1.795180836284226311e+00
-2.697003214604317134e-01
-8.872546262849858589e-01
1.378930356935998525e+00
-1.558610991165039428e+00
2.953008201150245648e-01
-3.148199651342346028e-01
1.452348940759487506e-01
3.264923817033305475e+00
3.304786789026689098e-01
-1.323462129427990686e+00
-3.098912404640039031e-01
2.796333599697918837e-01
2.801470122182846412e-01
1.722775441252298867e+00
-1.875306195215144411e+00
1.541580057600633324e-02
-1.373946457547951416e+00
7.027292828578657335e-01
1.575122370075532574e+00
1.867656257637715367e+00
-5.267128230153274027e-01
-3.082600805733713423e-01
2.089244674365865195e-01
-2.071736677808261096e+00
6.779681953379448345e-01
-9.787736073227057965e-01
-2.228842697279795892e+00
-3.068624900303582592e-01
-7.347794405164318476e-01
9.388360304534770773e-01
-5.768355176366639636e-01
1.021491085674750110e+00
-2.109095275976279993e+00
-4.303616313755618261e-01
7.135126850988265934e-01
1.127227653976765831e+00
-5.093272725550377356e-01
-1.351890747022097994e+00
1.498491912615133925e+00
1.288401046411106421e+00
1.491152411805678701e+00
-1.201115087833359851e+00
-3.762361276866987847e-01
1.857348892097710480e-01
-1.255477147978749874e+00
1.011720079086624979e+00
-8.450882284131173705e-01
-7.549842711684636720e-01
-1.912013366743336107e+00
1.973182096869550151e-01
2.613013458501974307e-01
1.788647842431725143e+00
1.048052121242076140e+00
1.268404014307392247e+00
-3.441266342891835528e-01
1.085203080970943423e+00
-1.309223089370103787e+00
4.078952104752204821e-01
-1.883697096436312279e-01
4.175405538013121642e-02
1.995377949743639689e-01
5.262911759580455318e-01
1.141238689491092417e+00
-9.409203634896057267e-03
-1.504687127464218843e+00
-1.173013899937928484e+00
1.578625140711183539e+00
-2.201732718342599426e+00
-1.071556318347758191e-01
-1.983098173033587264e+00
-2.405215540655302409e+00
1.149333111802964380e+00
-2.588770982492193395e-01
-5.136265239159820695e-02
5.482539958925942702e-01
3.370630212217122335e+00
2.102569326002141636e+00
1.163962280025534479e-01
-6.655134526325245936e-01
4.030708705331117470e-01
5.758933500336790301e-01
-5.960982158080398857e-02
5.728197736229478920e-01
-1.043170543057350130e-01
1.506867261195625307e+00
-1.069804262630040137e+00
2.947395454786530422e+00
1.508091005195248746e+00
-8.354309234109811300e-01
-1.523758680003515220e+00
-1.234144944435926705e+00
-9.134758647677383436e-01
-7.057268863104160239e-01
-1.626960542779967378e+00
-1.166260851336363480e+00
-2.147059171112497555e-02
-3.594505523511543066e-01
-7.632081670391869244e-01
1.515778799033879132e+00
-2.542745856812704819e+00
9.392856111671021857e-01
2.553356384044759508e+00
-1.351015059978059707e+00
-3.719590825281973157e-01
2.698169545814975034e+00
8.005985697899379305e-01
7.595683657985491388e-01
-3.320073145476301057e-01
-1.946038974468674354e+00
-9.962021885058398585e-01
-9.831864009600718157e-01
-3.524330130815045981e-01
-2.510414464900919906e+00
-7.834972402013242743e-01
1.837940226020269296e-01
9.593397542306612014e-01
-7.767464910540027301e-01
6.050562263879275537e-01
1.512556455070107164e+00
-2.241038383794293765e-01
4.623608775235402146e-01
-8.002092133550473552e-01
6.027994086584901323e-01
1.310658128766613473e+00
-8.419513742107302967e-01
-1.615787322112785862e+00
1.483979017372684672e-01
2.486021185944591316e-01
-2.064844724725869440e-01
-7.955620064983424111e-01
-2.471429790336796550e-01
-1.428132636301741698e+00
2.798208765357061978e-01
9.599181535024866596e-01
-9.976552602032393580e-01
1.156261421424197744e+00
-5.515220755643325257e-01
-1.174397622281184939e+00
-8.222550009131865956e-01
-1.080285978919296452e+00
1.442237317489936110e+00
-3.896744486352100578e-01
-2.498908513650406338e+00
-6.767376742630368813e-01
1.828666387356184142e+00
-1.440850254824930676e+00
-5.992814998802901139e-01
2.273048977643892243e+00
-1.728887894758283972e+00
-2.015584678244036754e-01
2.158139341020867796e+00
1.383121632619341179e+00
-9.684080639912143740e-01
3.698563981630587083e-01
-6.768779283767376587e-01
-2.197404952284351398e-01
1.012171489041357564e+00
-3.253429007503654713e+00
-1.703105282604638004e+00
1.225772989605476759e+00
-1.079888861772737352e+00
2.414165825136329158e+00
3.569477184921036717e+00
9.410147324047517525e-01
-2.803007779476662797e-01
-7.977413149014641602e-01
-6.317294156472135214e-01
-2.279618251427068643e+00
5.850186276255269213e-01
1.776448788150316371e+00
1.898218185180297723e+00
-2.002227716063653240e+00
5.556618965770654395e-02
3.289385942226585868e-02
-1.287685672544125470e+00
-1.560309105236852067e+00
-3.021363789031010771e-01
-4.877678131873408596e-02
-1.118753457614962254e+00
-1.734915511152276824e-03
-3.762522907624969437e-01
-2.744432822799465210e+00
-1.982622963651394343e+00
-9.649287087256197548e-01
1.337320450312843523e+00
2.213990215743633916e-01
3.150426795221464182e+00
-9.139099211838530579e-02
1.341682101336576061e+00
4.889988937219298948e-01
-5.291881202794163075e-01
6.308723774512319249e-01
-1.523411787767516290e-01
3.408244995770119079e+00
-1.159714171491543766e+00
7.971872778545452398e-01
-2.712135911797779020e+00
-1.050285335336636150e+00
-6.063447462042714786e-01
1.152983228953114558e+00
7.459254767363061589e-01
2.987408233990583639e+00
-2.190803247853959412e+00
1.276699239593968915e+00
-3.090198746616337644e+00
1.737833876055231430e+00
1.046975417267300257e+00
