2.593496827708141605e-01
6.243800739896288032e-01
-8.479686199141331926e-01
-6.613831529822884470e-01
3.783023302133625698e-02
-3.591364078509964308e-01
-1.416754765754597578e-01
-6.879244417047727378e-01
8.149781972638860950e-01
5.344352170221704501e-01
6.706757108291723224e-01
-1.223009174008722333e-01
-4.389839700057129868e-02
5.204904228015549972e-01
4.676531281055116285e-01
-7.299835538077885655e-01
5.950121486063730813e-02
4.068705401076355699e-02
-5.541810148063590624e-01
5.344761415321557241e-01
7.390495126078147070e-01
5.341382725681029786e-01
-5.341845814807064663e-01
1.281650267294156542e-01
1.130470612779654882e-01
7.108389108334869366e-01
-3.633690332307135673e-01
5.340165699133820887e-01
4.581754024781115042e-02
3.215671189093161075e-03
3.569882939143904643e-01
2.775096976730484499e-02
-4.056383374345560178e-01
-2.597310543499200541e-01
3.513871304763682701e-01
1.945054439804037028e-01
5.477126843810584678e-01
-8.785486724853532881e-01
9.221041332589658968e-01
-4.270247160557936184e-01
-2.488674783024662496e-01
4.335382192751866537e-01
2.396148562529831771e-01
-9.387191707727426948e-01
6.813800515965857674e-01
6.466513638111592854e-02
3.774939258826646160e-01
-2.365726680302357998e-01
4.937891142590813409e-01
5.726105896133673046e-01
4.115139775599643279e-01
-9.745984518195036639e-01
-8.276478917531098212e-01
5.767200855659559977e-01
-3.305750585105586836e-01
-6.150808975772441567e-01
8.752810047601038423e-01
5.067903073561614846e-01
-7.256351703065555547e-01
9.063349530062383419e-01
6.318042973390067818e-01
-3.415788905174839130e-01
1.007586720211908204e-01
-4.538052297508765598e-02
-4.523668453513465249e-01
6.253715370672772167e-01
-3.640953788049776652e-01
-1.900491726203914489e-01
-9.129944724969638603e-01
1.064225531260458713e-01
-2.372502770536419892e-01
8.456998588397834915e-01
-2.249596060688725530e-01
-3.834153712427259553e-01
7.281220834354362736e-01
9.817810761587808521e-01
-8.036316370735010484e-01
-2.516259604210770995e-01
-4.848035438367044314e-01
5.176850752863915162e-02
-2.780876918879737758e-03
9.762657968055272750e-01
-3.460407826321101332e-01
-1.600641181451196715e-01
1.368972397063326074e-01
6.751136934749379925e-02
3.559278600006665627e-02
6.183683360956171438e-01
-6.083844230887125448e-01
4.635180078095890721e-01
2.835387595225089541e-01
-3.955345685759557028e-01
7.480772783048048602e-01
9.302620873874225538e-01
-3.781025368797834574e-01
5.027944846526513079e-01
9.880301969912461679e-01
-5.910804602133046259e-01
-3.771659703099472516e-01
-4.928747166859690498e-01
7.395215959480194723e-01
2.660617454243241475e-02
-2.516830389004265367e-01
9.438680521835349779e-01
2.952139006479383987e-01
-6.813155264479024975e-01
9.438245178725923612e-01
1.356376695773244823e-01
-3.265120281665221391e-01
-6.390102828961119474e-01
6.301640986467003103e-01
-2.867190051277745955e-01
-4.529074155678625146e-01
-7.550825166963499591e-01
-8.997138113742557675e-01
-3.181683953885683369e-01
-5.260860112347451878e-01
2.322618991963383284e-01
4.095958034045861229e-01
2.956561951110261433e-01
-4.361922714244561572e-01
4.287145025235949980e-02
8.827140577827676804e-01
-1.742395453502867397e-01
8.583668728779172419e-01
3.621703750363896024e-01
3.030219384478989308e-01
7.764125432711108665e-01
5.880904554616666058e-01
2.694076094957549294e-01
-2.736556343717231332e-01
5.831686411600098818e-01
-8.400090590403057611e-01
8.657984988515738944e-01
4.405667579278860213e-01
2.241455937650820296e-01
6.619292831093888108e-01
-2.289923861978533370e-01
-6.757979179859754382e-01
2.710694634581733986e-01
-3.822910884530328346e-01
-2.116524141165729844e-01
9.703650599454383130e-01
-3.481718804191291650e-01
-5.916804075996355827e-01
1.412879761513536891e-01
7.165525394214222743e-03
-1.149745147465561779e-01
-8.999689618128166035e-01
-7.902158468504683064e-02
-1.781416489702087880e-01
-3.329585901054348263e-01
2.215564610417375402e-01
3.491931200238642674e-01
9.809874671118983258e-01
8.245317905826559102e-01
-7.315918177610434281e-01
8.958554569733709894e-01
-7.957822783274259848e-02
-9.978948935330094194e-01
-4.816146635198270687e-01
-2.844935135819137706e-01
-4.083564817308515948e-01
-5.662676843133300775e-01
8.927028080060950277e-01
3.774991334969819423e-01
-4.609916250209231681e-01
3.120286876228863804e-01
8.144061362224745970e-01
-8.971669919099731771e-01
1.345188067255365105e-02
-9.295217248940033095e-01
-1.710739979842701430e-01
5.746862508474517295e-01
4.204043274068192115e-01
-6.885842822228993576e-01
-1.914644493246808743e-01
-2.866738297773141486e-01
7.014140572675922058e-01
7.005417807935634400e-01
6.228957744443466282e-01
-5.262361513001945212e-02
-9.733172618945740151e-01
6.260147817493453282e-01
-2.718299041025546980e-01
4.232554147297529212e-01
8.118753833660206087e-01
-7.030413929734558032e-01
4.228658732358927530e-01
-2.427670421845233406e+00
-3.234239189448345764e-02
9.532982571085183432e-01
-1.807336280283589058e+00
-3.162887002783049128e-02
-2.373765822288052441e+00
-4.086489862181486021e-01
-1.986314642359444660e-01
1.335989326626679352e+00
5.442863263769219806e-01
-3.105907503471187603e+00
2.327722287944202328e+00
-1.086310983105461814e+00
2.033557490207255070e-01
1.923386688451540039e+00
-5.319370737253216186e-01
-8.430444224409037179e-01
-2.020461188248710460e+00
-9.361966308436295847e-01
-7.539159941428690281e-01
1.487938013130329917e+00
1.003199887207809615e+00
-2.803840192343406423e-01
3.622235319949376198e-01
1.489057368042820961e+00
-4.290743212979225008e-01
-3.197710873403059040e-02
-1.528146575385717743e+00
1.715061779008810738e-01
1.976882782525823945e-02
1.606916919664139187e-01
7.502291543836282495e-01
1.204786850194417225e+00
-1.813493309861445857e+00
-1.075238092261935119e+00
1.521410035329853194e-01
7.441245132806824092e-01
2.444861098101571706e+00
-4.170457630971413643e-02
8.113947673704189345e-01
2.896757534868291684e-01
-6.731971083521066657e-01
1.464423600607149600e+00
2.692210183004424273e+00
2.553081677615107736e+00
1.217900978137038681e+00
3.554598811506308187e-01
-1.904765953408474433e+00
-1.244250846509916242e+00
5.701422439970487144e-01
4.326162371993336753e-01
-2.872678737457166509e+00
-3.882263323706026115e-01
-2.025941318364063992e+00
3.151078926561312055e-01
1.440139378261797720e+00
-2.755918409120337476e+00
-6.410834939668375032e-02
-1.489351564020224838e-02
1.871700164317710025e+00
1.790853565804930714e+00
-1.386884320686661454e+00
1.695066996910841395e+00
8.911656202159058404e-01
2.503159146070950691e-01
1.453250842585372293e+00
-1.596089335551123867e+00
4.799726768997404913e-01
9.863773147610377379e-01
-1.231691793819327474e+00
2.969092245036002442e-01
2.283132060237643146e-01
4.326281499650705964e-01
-2.529059232593785289e+00
2.017470493729663694e+00
1.504664062374654776e+00
