-2.019326291193906386e-01
3.348862281428223175e-01
-2.354973004135949566e-01
-2.853265017626394617e-01
1.506817700059816800e-01
-4.713582758533466643e-01
1.744248535686938051e-01
3.554566373418859837e-01
3.361680516295164067e-01
-2.704640296794469378e-02
8.254708313197423042e-02
-3.570832326021618902e-02
3.308220518072687577e-01
-3.527236799082898444e-01
-1.218672661484800357e-01
-4.017171740869868862e-02
1.783030294484408418e-01
1.206711881962439364e-01
2.750610588611088203e-01
2.071789798757793510e-01
-2.289698096253330872e-01
-2.189208808404130846e-01
4.915049155431096550e-01
4.269847240574060065e-01
-3.444930413019121618e-01
1.850280094833069988e-01
-6.951726747600345258e-02
4.814596480917670007e-01
-2.318827760506844970e-01
7.531564607144727863e-02
-5.212278674204691431e-02
1.792228771778778817e-01
-2.813852604891253217e-01
6.927447798279813274e-01
1.878138710024126190e-01
-2.354936098565070524e-01
2.886749940729322894e-01
2.129173005055967072e-01
-9.094716956381831974e-02
-3.540922371756597409e-01
4.541742696248379785e-01
2.190263181731599840e-03
1.667260441145157479e-01
1.397392063027722564e-01
-2.345103172558118398e-01
-4.007842155229324743e-01
-4.365557586162053250e-01
-2.930050440359410202e-01
-8.805674193342612199e-02
1.055342923688893791e-01
-2.654157471833280546e-01
-1.362721531363973171e-01
-8.728271267760248989e-03
-3.984788451639890150e-01
-2.571722754573758651e-01
-4.700545249725974206e-01
-3.361838199150254392e-01
2.991638312031462132e-01
1.450499618385265865e-01
-3.722568269458615964e-01
2.066387862710371559e-01
2.797551779465988209e-01
2.501232706277883855e-02
-1.655429546223190496e-01
-1.870253306191636822e-01
-3.249605060585224470e-01
-1.366686415789971631e-01
-1.769013212542397129e-01
-2.778507714262967720e-02
2.077458504850237253e-01
-2.972766006571483377e-01
-1.437551998910084894e-01
-2.869828289158259937e-01
1.883596374965114117e-01
-2.222953496672552820e-01
6.653700807612773771e-03
-4.082422219378580852e-01
5.524585957487103682e-01
-4.113618726033219097e-01
-2.632688900664362577e-02
-3.603512025873446545e-01
5.007638089113894964e-01
-2.377510552345154238e-01
1.086581576626223511e-01
3.760610401174362960e-01
-1.431794551713315711e-01
1.248660226978918764e-01
1.667781009033064143e-01
8.536638229211537809e-02
3.725486032642205125e-01
-2.015176743880648658e-01
3.404693074218296811e-01
-9.436539856496600764e-02
6.027144738325517226e-01
2.911965524520784832e-01
-2.379496803654971293e-01
-8.443247702767053831e-03
2.536506370990865289e-01
-2.737895553916185748e-02
4.468611364135735564e-02
1.420096803424193144e-01
-2.696899957441993567e-02
-2.337178564594630248e-02
2.710282059954332579e-01
1.337978990228902709e-01
1.226268962175230542e-01
-5.062792987900015529e-01
-1.595860619637643474e-01
4.506987776060802919e-02
1.827006562172433513e-01
-1.989730633871986953e-01
-1.732117669125633197e-01
1.568746949618631537e-01
4.768734062094041604e-01
-3.439676472514670569e-01
-1.784231555224241039e-01
-2.050830257818316571e-01
2.742804259526796518e-01
-8.025917871465483577e-02
1.505656120422847466e-01
-1.965838821243573731e-01
1.783154877969106711e-01
3.330914889318796479e-02
-1.563672609538531710e-01
-4.668009938854438684e-02
-1.421874291096201781e-01
-7.974140698722168019e-02
-2.006347675459169977e-01
2.200377880845899581e-01
-3.721244582945766322e-01
2.957233864201153084e-01
4.748124782457584236e-02
5.009515937184411127e-02
-4.537389908827226814e-01
-3.993509976586472887e-01
2.289685492463145733e-01
1.357075177521403497e-01
9.874264720507633375e-02
9.862145995280274802e-02
1.494650323792504898e-01
-5.064716174067876997e-01
4.948086629508722245e-01
-2.003060763759375029e-01
2.948578948470603756e-01
-2.525731461382140774e-01
-1.497967771049233121e-01
1.299428633115458642e-01
-2.767027533648939719e-01
-4.184654568062400881e-01
-3.061968888583748716e-01
-1.499564668594838557e-01
7.056239812376016718e-02
1.692440329689972878e-01
1.598983946745623774e-01
7.758152719666973340e-02
2.355941998663327319e-02
-9.558682087581102382e-02
-3.826003187832575647e-01
-1.479681018336792553e-01
3.338108772154879667e-01
-2.122681116765510745e-01
-1.010706829169779747e-01
-1.193954035930685498e-01
-5.621966863611348453e-01
1.695305340584798981e-01
2.736395021179958698e-01
-1.001290959648590967e-01
9.435707499387714636e-02
4.151750362231164115e-01
-4.498042449662764120e-01
2.506124219283487609e-01
-5.725442532428666187e-01
-1.773138066413705305e-01
3.406917478348548967e-01
2.448908807600901349e-01
-1.601513197758901719e-01
8.002582636036589814e-02
-4.752973997049291244e-01
-7.693128261009964108e-03
1.299924966562118755e-01
-2.995824417563319741e-01
-4.362186384672032680e-01
-4.805900699437246626e-01
-2.352959455111232612e-01
1.037107958452957029e-01
-1.928322798890286238e-02
3.836831993181523681e-01
1.486091940303827519e-01
5.237675024249376782e-02
-2.823393937106140616e-01
2.002387060968372767e-01
-1.019683240334309376e-01
5.301107361992359879e-01
-2.592934625254264547e-01
2.515223955514243048e-01
3.924999233636274759e-02
-5.622674831020567643e-01
-2.539753464758337520e-01
-2.510240222866677029e-01
9.410645673137355005e-02
5.110945680002676461e-01
-2.727342628533552249e-01
-4.634376187190205609e-01
6.408298299772449691e-03
-6.202543777847895068e-02
4.936137352939918843e-01
-1.979342276952134605e-01
5.900283287059393533e-01
1.284543474855633916e-01
3.326364116221412481e-01
-7.176730386078250534e-02
-4.280304067388115974e-01
2.077422979496234556e-01
2.981276053020214811e-01
2.254968642592941330e-01
-5.395393317671387523e-01
9.644662919000510093e-02
1.610816892541545586e-01
-2.185775076429161690e-01
3.993658963308193699e-01
-4.212016523932326506e-01
5.821941301028271676e-02
-6.127341821213616591e-02
-4.529667367984088061e-02
4.926131390584221892e-01
-2.341754473081283650e-01
4.616799165749214673e-01
-2.339843174927064284e-01
-5.874150803548064403e-02
-2.453950199273619015e-01
-2.378285376923861827e-01
-2.001872982084214325e-01
1.106677817916265905e-01
2.238702234556029791e-01
1.595927300123330950e-01
4.688048225587178042e-01
-6.121931812275336338e-01
-8.472540303647874138e-02
2.940339019532480780e-01
1.154545380845391211e-01
-1.883895066324747236e-01
-1.570167587850389845e-01
2.509104054993103183e-01
4.404113909277903027e-01
-2.373070039764832995e-01
-5.282493170103950281e-02
4.807308232611350318e-01
3.620890180009112558e-01
2.407684029667309655e-01
-1.301504562174158885e-01
1.593747935961773998e-01
-2.462733404030454099e-01
-3.853056605088980846e-01
-2.568388958513967979e-01
1.210486346576688799e-01
-2.475031824186222640e-01
-1.843258718389052808e-01
9.013155254506918790e-02
-1.751440905506556900e-01
-4.831515593355253935e-01
-4.461530450724481844e-01
-2.212866645303518676e-01
-8.593372833950177481e-02
2.784080471399320023e-01
-1.138701459691203455e-01
