1.279381597409419147e-01
5.764273017351779771e-01
4.953622068018459501e-01
-6.960373808548294683e-01
1.321083236844284858e-01
5.209612532350584857e-01
8.668403318020192483e-01
9.066223501043371158e-01
8.170809970291088575e-01
-9.976261235754608769e-01
-4.845711594281754131e-02
7.338541024229834342e-01
-8.953930306952941898e-01
-7.550705007662417145e-03
9.895547072149857293e-01
4.202112280379306508e-01
-8.881905622931700606e-01
-5.113740609274559645e-01
-9.797520410419229275e-01
-5.148406687837647766e-01
5.637442736432412005e-01
6.535432743722175974e-01
8.573498814662916523e-01
3.528905018443779795e-01
-5.424017871586874762e-01
8.513439212135089917e-01
-4.409332340343701251e-01
8.658633675023126308e-01
8.170436912448206801e-01
-2.608933796082999468e-01
-6.955396883641069561e-01
-3.092156850523419820e-01
2.848832398537570754e-01
4.593656299547685951e-01
-1.214633567679963555e-01
1.353802749837191843e-01
2.810911606717130251e-01
-3.570971649632626033e-02
-5.490395985152594083e-01
-7.714511820330329783e-01
2.712072416731075020e-01
-7.099672737337248130e-01
7.524738442183620535e-02
3.010874553603710702e-01
1.518782580390771741e-01
-1.837926672934973027e-01
-9.768997059355053469e-01
-1.356093450138171619e-01
5.473099965922214594e-01
1.003795734880967849e-01
-2.088121295738583072e-01
-9.462343232591989839e-01
1.458309290645620759e-01
-6.913472777671370029e-01
-4.552683789584468510e-01
5.016911435588968793e-01
-2.789439845781054306e-01
-1.020246081563511709e-01
-4.290584203130736185e-01
7.443617422103796510e-01
-1.567822796647988515e-01
-9.683477155224671229e-01
1.721632197290410282e-01
8.769958612279078469e-01
6.823612252797934818e-01
1.341508571366161195e-01
4.875320218261032235e-01
3.979477333229515246e-01
-8.840892987994264374e-01
1.200964268214019803e-01
7.107050361209084066e-01
-7.156996875498147226e-01
-6.754567971189853193e-01
-4.879131907878753172e-01
-7.590041003754806059e-01
-8.915485363252817486e-01
6.383794056170646325e-01
7.612899426591712704e-02
3.230065696432971034e-01
3.618763249113206015e-01
3.221818537877352284e-01
-4.900246212380272581e-01
-6.668838243656067810e-01
-3.534359854314905736e-01
9.453373226080199476e-01
5.387103848390717431e-02
-4.059121368692577558e-01
2.122046216314152911e-01
4.500704919362741308e-02
5.681611297278263972e-01
-1.818604976448678912e-01
-7.191691719692359097e-01
-8.980455720149891352e-01
-7.506128017705655520e-01
3.234561169042624584e-01
-6.268740589100529892e-01
8.309737247307724672e-01
8.317063290220327865e-02
8.309971718464344015e-01
4.329777614880885306e-01
-6.178509986993800940e-01
6.274954584163556781e-01
-9.636717612078138373e-02
9.947199875957268844e-01
1.566103431193235362e-01
-1.826215727758990770e-01
1.892422979336318978e-01
9.261422554678899743e-01
2.641495785344922798e-01
9.517832607208329687e-01
-4.901608585910264271e-01
-4.215162946040822423e-01
-1.984846974008209752e-01
-1.932783039715464390e-01
-2.329204666565587445e-01
5.489420290671092051e-01
-9.606017164514979445e-01
-4.833563951586439256e-01
1.525242272018287881e-01
8.480422996574934480e-01
-5.450772978790277001e-01
-8.306441963124890915e-01
2.315895655172726109e-01
8.091085336177945564e-01
-7.110609439622148642e-01
-3.053211148187124913e-01
7.942940760939376510e-01
-3.420132472464612050e-01
6.678408455541082756e-01
-7.050787612767868140e-01
-3.824477858249086815e-01
-9.992186973644598957e-01
-5.077148828528490476e-01
4.200894034480602279e-01
-1.648636571522237304e-01
4.194363188079280880e-01
-5.503539041319991387e-01
-9.807943825339738853e-01
-1.334069029318879940e+00
-2.770629738030849776e-02
-5.286180121996615633e-02
-3.484122477554290054e-01
2.917300296539866999e-01
-1.700455694909928983e+00
-2.366071235973745968e-01
1.308451665346496373e+00
8.819424143850359554e-01
-8.635118623380324543e-01
-5.191492470882895782e-01
-1.885053045969337315e+00
7.131800087456496851e-02
-8.022754694162932410e-01
3.617854683030060636e-01
2.455153384695559771e-01
3.866888902514656889e-01
-7.201610913075277842e-02
2.357211641289436166e-03
1.804016713184423804e+00
2.238167913569437228e+00
1.793262333708569356e+00
8.377435462575737457e-01
2.173550491482346025e+00
2.730663297340452544e+00
5.202888443483989489e-01
-5.686884818681574583e-01
-8.686658820891167698e-01
7.871533728946357167e-01
1.279309647106394054e+00
7.010229003172472328e-01
-5.230378076468586990e-01
-1.734195941587557410e-01
-3.965817045510702799e-01
-5.342508058134590732e-01
-1.467489296510609220e+00
5.363590111483106382e-01
5.329815531374496596e-01
-8.609220805634654194e-01
1.532398239505234683e+00
-1.837449196336758517e+00
-1.758807399584431774e+00
-4.366080273093575492e-02
1.856560835544416588e-01
-2.238884348334500451e+00
1.510158836168287166e-01
1.100825536845281283e+00
2.107953790021253049e+00
3.031865606768645582e-01
6.783496999166316321e-02
1.281432526221156554e+00
-3.515312688244964234e-01
4.599525828896847690e-01
-3.154204239337092375e+00
1.286256340846358537e+00
-4.666604605974586928e-01
-2.227238532930875703e+00
5.477105087837105257e-01
1.452748435235741375e+00
2.302323981393809227e+00
-2.901995193975681619e+00
-1.308659981708421238e+00
-1.039812251242240748e+00
-5.903330602983277720e-01
-1.761954268829329928e-01
1.946520980629161457e+00
4.797227862668946852e-01
3.749345218287339909e-01
8.730876940375379425e-01
-1.135030238229372684e-01
-1.271721358361146192e+00
-7.738428630010402154e-01
1.144209084843125890e+00
6.137978446151568512e-01
7.171989327657990465e-01
6.519484595192315268e-01
1.383611148767720511e+00
-1.732204700103705086e+00
2.521524835883345084e+00
-2.043713435823362179e+00
7.492793207203112260e-01
4.893331391797769436e-01
-6.105610087927947349e-01
2.436347456835923353e-01
-8.134056706225133437e-01
-5.113907756206160782e-01
1.326347875365400331e+00
-2.516074258024610266e+00
-9.508758861755852720e-01
9.403411473674155863e-02
8.553415539467612572e-01
3.513367994157912122e-04
-8.850746339435747734e-01
-1.358681884002028717e+00
-1.121042527919892784e+00
4.222587902747214628e+00
-2.122295792476794674e+00
-1.354596162962931727e+00
1.041278990626580830e-01
4.981682346220238644e-01
-9.143264676124845947e-02
2.511252782243689197e-01
-7.864736470730118167e-01
1.117836893830034817e-02
-8.084631116108773607e-01
-3.994814317811664850e+00
-2.373365824418342207e+00
-1.580021061110015168e-02
1.298258829846373530e+00
-1.340339423728268420e+00
-1.792711242453502996e-01
-4.144590277271527068e-01
-1.335608980377944455e-01
2.074822755961953646e-01
3.375534414680478879e-01
1.249578664396470584e+00
1.231658236895023517e+00
3.551413788332468791e+00
1.953289002165873534e+00
4.712679578602496644e-02
1.292246674315437049e+00
-5.897579606739244973e-02
-9.012155769109386760e-01
-1.337786993381781198e+00
1.960728114622028784e+00
-1.032722292592859414e+00
8.316562826739407055e-02
