-3.662617939638251885e-01
-6.586275008979938228e-01
6.963759242742525446e-01
-4.922822661589576487e-01
-1.104292725092963501e+00
-4.992859979447391017e-01
8.856110625430051453e-01
1.483682386910678552e+00
2.828235422793942688e-01
-1.191784849616586373e+00
-1.941311133928430022e-01
-7.301383543193031844e-01
4.444425675546441190e-01
7.347349636183989063e-02
3.499860207534105649e-02
6.846313760659653580e-01
-4.440170418004896202e-01
-8.454665169826301729e-02
-2.180773549596385585e+00
-7.079769898879306744e-01
1.841205802063545338e+00
-9.859853745551960813e-01
-4.236783143187580758e-01
1.927598900593483044e+00
8.623869272093458438e-01
1.677166510254981979e+00
5.714139726352087667e-01
-6.499134134579952482e-01
8.664023512567475827e-01
2.089977516114627676e+00
1.530510152085283515e+00
1.815087742079537714e+00
7.442650693749467417e-01
-1.843349106432017326e-01
6.814277480708010870e-01
-8.152318854376083834e-01
8.901600333975627777e-01
-5.987486799223408207e-01
-6.827878093874029108e-02
8.559704103508791739e-01
-1.470714659654000833e+00
-8.539881545754823833e-01
-1.972908169056853955e-01
-2.003089153457228155e-01
5.320425272387103721e-01
-1.312691916870272646e+00
1.109423825676933983e-01
8.616353105593799189e-01
4.232247783436611233e-01
-6.048921987568114389e-01
-9.267256045064712344e-01
2.838159993050382579e-01
1.860852819536421565e-01
-4.299093692200068872e-01
2.399872407843318456e+00
-2.323924203620030549e-01
-1.389079797129957883e-01
1.628398837891527617e-01
9.612664800221826233e-01
-1.173791010347052799e+00
1.094740753278947154e-01
3.683661416859319582e-01
2.386985823415471941e+00
-1.044297772964797089e+00
2.333011845011756513e+00
5.774897261726700259e-01
4.349125145657706248e-02
1.095963219789097831e+00
1.209566915257542341e+00
-1.608272858444896203e+00
-1.400875851968331975e+00
7.989039351141061784e-01
1.455292229118961611e+00
1.003645921758115067e+00
-1.845930762156470006e+00
-3.823455005303595389e-01
8.854230020801625578e-01
-2.126196825699056880e+00
3.341234830387890264e-02
1.241991126286929203e+00
-1.459729884293655910e+00
-1.832467615654728821e+00
-2.677264746356692093e+00
6.306806400850714089e-01
-5.889800915911307388e-01
-8.671615303618070980e-01
1.804435172132427212e+00
-1.915164996939595632e+00
1.919216643068651473e+00
-2.781389528316988713e-01
3.296293985029452589e-02
-2.382945681661156057e-01
-3.334735773897861133e-01
-1.973280661134635849e+00
-4.768551687476791923e-01
1.291191506339830264e+00
1.954284061984409515e+00
-3.114403420241941278e-01
5.404570203075481638e-02
2.807119946362301999e-01
5.035023968321183929e-01
-1.954360545825421180e+00
-4.120044032466634309e-01
9.317333948014232536e-01
1.872623669154970472e+00
4.884000302492670365e-01
-8.428877173296756009e-01
-1.080438420909139774e+00
6.974768844848462379e-01
-1.788878656496981856e+00
2.424348143573072711e+00
2.574555607473091867e-01
-1.143861563047188223e-02
-1.101701019995784181e+00
-1.773286274318111699e+00
4.137898464326644765e-01
-5.659912277491863097e-02
1.638230179352344051e-01
2.193629613830554992e-01
-3.370568586335538908e-01
8.837591554557175932e-01
7.074351527371309789e-01
-1.397710926912441032e+00
1.551967507135304070e+00
-1.271522625519407423e+00
-3.715777449209352046e-01
5.316719351841051044e-02
6.751003950472120874e-01
-7.163379173763020358e-01
7.764175803707779044e-01
7.056181895772714041e-01
5.301294162244971631e-01
2.311047090965020701e+00
1.205253427879026340e+00
1.100979846230803583e+00
3.369028181311337633e-01
2.287788400948698619e+00
-4.687828072470393570e-01
-1.228927475900335686e+00
-2.374473070038077616e+00
7.161036456251197446e-01
1.008679383326633205e+00
-1.798174782128472593e+00
6.785591194270497450e-02
-1.368220979602149168e+00
1.235435088093919664e-01
-1.671025448947041081e+00
-3.204032520645994531e+00
5.647124005591617202e-01
-5.770460794867717791e-01
-9.246214120745108733e-01
1.610329821001210915e+00
-2.189694353490762024e-01
6.784348945331737379e-01
-2.322436164679386739e-01
-1.971364901613684717e+00
-7.257233979421602310e-01
2.029511596275610508e+00
-7.435271039805124715e-01
1.806510646316870083e-01
9.022218461782887111e-01
2.712171612460264614e-01
1.702676912787094210e+00
9.475131987020202207e-01
2.466074801531988880e-01
-9.466829472136040202e-02
-5.674676794582660388e-01
-1.304813626526588166e+00
-9.097723649455793371e-01
-2.530716651411303530e+00
1.371865334715144158e+00
1.785871090160946473e-01
4.082046210321609303e-01
-9.239968459769942744e-01
-7.499618523104960577e-01
4.812957457144737550e-01
1.283659185379631307e+00
4.909067893422998097e-01
1.638167240683714887e+00
1.504900504011197349e+00
-1.243161985989217788e+00
-2.684209700435714385e+00
-6.545454526620946289e-01
-1.305452150687357982e+00
-2.164830830773142312e-01
-3.290410043865690248e-01
7.202450155551326505e-01
6.668844440549777097e-01
1.262270346551598088e+00
1.271972357378151841e+00
-9.574068226041085872e-01
-8.122227207760153167e-01
-1.878248306580463822e+00
7.431585265055329348e-03
-5.902494637809363454e-02
-5.603363038613483615e-01
-5.893431225543289687e-01
-9.459700405271168067e-02
1.987119988610452914e+00
-5.026247034420702198e-01
-2.303488465036430455e+00
-1.092398445982979194e+00
1.317731726406202064e+00
-2.817653560954282099e+00
-1.438685455647396250e+00
-4.394041327206801850e-01
2.054650297404099213e-01
3.143583248476838898e-01
1.344075592940870978e-01
1.840064362363462713e+00
-1.169064235120166773e+00
1.245868925790608372e+00
-1.081866636997336428e+00
-3.554020697687694241e-01
-3.565969410055189748e-01
-1.495356894480176280e+00
5.693713943196080374e-01
9.670739675600724672e-01
7.352042835442906821e-01
-9.721717506323264146e-01
6.702483758007664605e-01
-1.104544595089301362e+00
3.886652161476109590e-01
9.769626782448567748e-02
-1.117718648319366403e+00
4.517213082112925271e-01
-2.209155779067449588e-01
2.297485778775945509e+00
2.643164396070293964e+00
-2.171473785701442782e+00
-2.557390186485337225e+00
8.024904181114800306e-02
-1.220573782760570491e+00
1.339467236172056985e+00
1.331458907509272427e+00
-1.143830386706961466e+00
-1.247911504986252140e+00
-2.524358730996456579e-02
-8.256719900521736211e-02
-1.010517126950723821e+00
-9.336024529342494827e-01
3.334916897145786541e-01
2.024036461516052210e-01
9.000644649051924295e-01
1.540125549342708400e+00
2.006745104784216638e-01
-9.212116901055982243e-01
-4.673696618299971739e-01
-7.859124027324877471e-01
2.192030744719685842e+00
-9.934929077115092211e-01
-1.067414659499997143e+00
-1.085598370650350475e+00
2.520336000415626110e+00
-1.626195546522776425e+00
-2.772321543706020575e-01
-1.565931893204042691e+00
-4.113222216910716877e-01
-1.261115985822527374e+00
1.096515788078884501e+00
-1.126047123416971552e+00
7.824737311582143917e-01
2.888427770815169549e+00
-4.357229358367520344e-01
1.578180664577399639e-01
