1.738188046840658529e-01
-1.207241832742100840e-02
8.104364659062448517e-01
-9.987113380471002166e-02
-9.035841071554953086e-01
9.356801256744284867e-01
8.131560547413421158e-01
-5.405215835114618450e-02
-8.353585679916983864e-01
8.234912112110699400e-01
-4.348123042995366561e-03
9.708789311312229220e-01
1.125071109804725022e-01
-4.655222282016726609e-01
8.186772960184895975e-01
-6.946789149391656704e-01
3.627181470630913562e-01
2.712447571281759728e-01
3.882825311492801301e-01
7.154025598418864984e-01
9.278062763982353189e-02
-4.191593128984623107e-01
-7.914968243828146566e-01
-6.231994056090428558e-03
-8.602300810038019385e-01
9.629982709528883689e-01
9.378313299383209678e-01
6.262563042993545270e-01
-6.572861746075495670e-01
7.168913932117713106e-01
1.586910825405021264e-01
6.669958454275426440e-01
8.785537647706731512e-02
9.332352556319989390e-02
-3.686007731730649439e-01
4.762013983694619590e-01
1.298027250288737999e-01
-5.082008363492787062e-01
2.165740791484600525e-01
1.842464633788643003e-01
-8.834500717298536809e-01
9.210095178899484480e-01
9.510078032889415223e-01
-2.439478489052016030e-01
-3.890264528826670176e-01
-7.989203014246069046e-01
1.730799942202891906e-01
-3.859574848075664200e-01
1.917735330009007200e-02
-4.789556710820317420e-01
3.833765866115212972e-02
-3.850642407579523141e-01
-8.283624658322146228e-01
8.647857199306741016e-01
-2.294977537357445474e-01
-3.654639202650631358e-01
4.344370431142643429e-01
-2.677224388007095612e-01
-6.401550756783462859e-01
2.196065666780626646e-01
6.808334004579936760e-01
3.061276226221276708e-01
1.401953094598025196e-01
7.265322127575573052e-01
1.326609063660284527e-01
-2.682842164104275451e-01
3.490222190023499760e-01
-6.823237895088736238e-01
-8.550085264540292496e-01
-3.215689404144859154e-01
8.803689409171311375e-01
1.819360573794703839e-01
-8.686679723193990732e-02
-2.449132642933216086e-01
4.504285121426532257e-02
-9.207093807609316727e-01
7.849190490567639067e-01
-3.142671871875202250e-01
5.615247977673358815e-01
-8.382101845632128345e-02
5.296899162648083248e-02
9.345091946190775545e-01
-8.266741104145614027e-01
-6.840510660019831768e-01
3.035358964362573353e-01
-4.207414270379712384e-01
3.750994859297949180e-01
5.178845895582246950e-01
-9.007640974508217546e-01
-2.140172492229672763e-01
2.494889377462516933e-01
-9.254293210953123960e-01
-5.176561658539746702e-04
-2.215602858485727911e-01
-3.748093226625313079e-01
-6.734124877356195693e-01
6.406901074795183781e-01
-2.242946256698317153e-01
4.023757323380647843e-01
5.513222406965307965e-01
1.421830947916904453e-01
9.097013314337132339e-01
3.244681911829006005e-02
-5.484600137390731600e-01
-5.914009282780003929e-01
-3.787225216997007760e-01
6.602559008222486092e-02
3.027039137105735911e-02
3.405088181741582343e-01
-6.536066505837330176e-01
3.131596141652965848e-01
1.328756410369518193e-01
5.204525263775241495e-01
6.657211980770405546e-03
-1.526729364126480082e-01
-9.763004469670943930e-01
-1.672966223433018929e-01
-8.006444537767121172e-01
7.089443987597539021e-01
8.218646843492301013e-01
-5.305618716787754430e-01
-7.369461545618256615e-01
-4.610905493008738976e-01
-1.969862702981215463e-01
9.944191469554664042e-01
-5.026987868122396730e-01
1.558578051368342265e-01
-1.962267412177753911e-02
-9.948148640258427378e-01
-4.728066100146479656e-01
4.926410994213878958e-01
8.989705311955429323e-01
-5.919646608850115399e-01
-3.733344981778072835e-01
-9.895245473955778248e-01
8.316027368702627598e-03
7.837900602561658214e-01
-6.336791789765587879e-01
1.926532803015181816e-01
-5.864892888269619409e-01
-4.338242295936447501e-01
-8.438332598166802256e-01
2.229611257500270227e-01
-3.502323183195308332e-01
-5.133941767863656747e-01
-5.609515938836384663e-02
-6.823865691775377051e-02
-4.682864702079059249e-01
6.267261202986706969e-02
-6.412493709973856593e-01
4.386227075276487586e-01
-9.446244507743510876e-01
-8.753728315680175953e-01
-1.659114782868280624e-01
4.324760793048449958e-01
8.557196588643956048e-03
-1.423837304794879355e-01
-4.372163467480634225e-01
8.072086630093444626e-02
5.392709109914082255e-01
-3.760178000842844259e-01
6.772108222634720676e-02
3.383263237518201461e-01
2.092744477606442999e-01
3.670186955745615709e-01
-9.909578732541199919e-01
-6.592336812655992251e-01
-4.273179424581965424e-01
2.455676246163891463e-01
-4.165132748206230584e-01
-5.202426273651152844e-01
1.318267778187089956e-01
1.791184363806364033e-02
3.554416254620718085e-02
2.651866580693464925e-01
-8.603524155940713847e-01
1.763942091461705441e-01
5.221593214687951789e-01
7.992437974262016631e-01
-8.869870642051917997e-01
7.844126548716983116e-01
3.223890750196267696e-02
-1.822484095127894221e-01
9.602153890859861374e-01
-5.081952315970283962e-02
-6.230304149147918302e-01
1.513163314598253706e-02
1.537717049070275177e-01
-2.933795864232404682e-01
-1.727739767614691058e-01
-7.376543393401708837e-01
-8.532371374703477951e-01
8.942496506522168431e-02
6.131373174217629174e-01
-3.964773404022974290e-01
6.572860940159097609e-01
-6.290564709959736156e-01
-4.040317715565349133e-01
8.913093722022673582e-01
7.202369973026667704e-01
2.498919823017538011e-01
-3.461183394644895550e-02
-3.197505273248903990e-01
2.962058078378937420e-01
4.337978138312363896e-01
-3.831373734643639395e-01
-8.663010146720879767e-01
-4.503450572033544930e-01
-9.618109851586504888e-01
5.815767049071813855e-01
-5.401717539614008246e-01
-2.827007316712764062e-01
1.792846956476130682e-01
6.583936656303279733e-02
-5.739605638845655111e-01
-3.150925569951816829e-01
-4.098057695781553988e-02
7.861612304590219757e-01
-3.435382238334510063e-01
-1.725428449224841732e-01
-3.800336867631235460e-01
4.543355714177033100e-01
6.848668253957397312e-01
4.574004228245867054e-01
-6.617812087973355961e-01
5.634901680101618293e-01
-5.157666515277310459e-01
-7.674369161718654908e-01
9.930015476464300050e-01
7.817864785513453096e-01
8.929226664373346445e-02
1.467792043438778116e-01
-1.385193818405496824e-01
5.267625867623026981e-01
3.473198495018074983e-01
-6.245508965572219573e-01
6.587737628931777945e-01
5.433919567157277086e-01
5.156023086124614796e-01
6.446438385156350037e-02
-4.636365006587122028e-01
-1.754360292558370116e-01
7.688193784011434495e-01
-6.207971482668537266e-01
-7.535247135515195094e-01
-3.014587722740658116e-01
-1.349187703534420191e-01
6.576763255819089160e-01
5.935240339359244555e-01
-9.832597539013194776e-01
7.497730842738827839e-01
-5.304355930443125366e-01
5.779281545800509790e-01
5.152012082193013764e-01
7.276774252551372335e-01
1.018195570324602617e-01
-1.737973190231214549e-01
-5.966442079410196886e-01
3.383063773223173865e-01
1.682171331174520112e-02
-5.132719224992603468e-01
2.942354502626454149e-02
6.569708471137740702e-01
-6.530612547916143651e-01
3.145539582726875061e-01
