8.146165558112141714e-01
8.429721991143952486e-01
3.073458739431189635e-01
8.787037889651390099e-01
5.846772890275333534e-01
-8.212119219683609028e-01
7.970119127573120910e-01
-6.332344090855472896e-01
-7.036496731992734066e-01
7.444396138415494413e-01
2.435610400244538898e-01
5.150266143835426913e-01
6.973732995537820223e-01
-2.774932273531807159e-01
-3.146100281309074376e-01
-6.968885714394728037e-01
-3.217658444438211696e-01
1.795071867106974306e-01
1.860608104349230629e-01
-4.244561412886471707e-01
-7.101275509802928987e-02
-8.767487050762687861e-01
-3.263200465157556351e-02
-5.353508069409378400e-01
-8.554143286406350466e-01
-1.867341486558959929e-02
1.407286796677043039e-01
-3.372266340005716234e-01
7.904411713322878619e-02
-6.553137030816862385e-01
6.977243873759417792e-01
3.080389509819103644e-01
4.505503249181805892e-01
7.197536679298794926e-01
9.881340436302186170e-01
-5.293101635144763506e-01
-8.089029324468806070e-01
6.359423744454970606e-01
-9.611659137728179036e-01
9.079685157432251241e-01
-8.522676101018860084e-01
7.697508205907994672e-01
7.480147591784960248e-01
8.947128792462293312e-01
-3.381400384819022165e-01
-3.021479182648412198e-02
7.147081290283507915e-01
-9.933737325850717781e-01
6.337646232391191958e-02
8.555845105786552551e-04
6.749589753707105899e-01
1.103768844368469004e-03
4.552814208194386758e-01
2.242503733313769843e-01
-5.270176024676294091e-01
6.397506571784294938e-01
-2.595620759220786944e-01
9.413791209685757888e-01
4.277225469728040963e-02
-4.875290869251891479e-02
9.546340640350019502e-01
4.662082868626971077e-02
-8.247833717664430075e-01
-9.348430342843774277e-01
-9.375436726908246143e-01
7.074832919461537806e-01
9.893702819476941634e-01
-7.691666605110814015e-01
-8.656691134562835011e-01
-7.596712964959158043e-01
-3.053742832327717149e-01
4.766119427217210269e-01
-7.896950383108136684e-01
-9.667866863973890723e-01
3.077765345456286994e-01
9.079022801399780906e-01
-9.615956731541484004e-01
6.376323925755966737e-01
5.596428189088500371e-01
-2.094128078946384530e-01
5.309838768440102719e-01
6.221606877972218896e-02
9.111720153617597351e-01
9.343500026813684745e-01
6.538199717572297232e-01
-2.257651472122923497e-01
9.601265340447180385e-01
8.723627565578864207e-01
-8.159926200939984220e-01
6.111122701390081513e-01
-4.500808824434907596e-01
-1.610180475976310532e-01
-8.010298349033833087e-01
6.783364325774259296e-01
-2.902868920013625953e-01
9.363476874096188229e-01
7.569980614180815692e-02
-3.402996161996145741e-01
-8.811476642367859213e-01
4.883620786265869818e-01
-2.779252450541784825e-01
-8.256006715385946215e-01
-8.494285442192217594e-02
-7.284074797629267461e-01
1.897783522191049954e-01
1.512790431814470260e-02
-3.193828332962784788e-01
7.035732005505257458e-01
-9.733759363684191257e-02
-4.394339673991847217e-01
-5.839690341871612844e-01
7.087554159747644356e-01
1.742241184952195709e-01
3.256886987072624695e-01
3.307760492113054340e-02
3.363970463904095709e-01
1.419498392378097940e-01
-4.812886986796471867e-02
-6.298732290413855406e-01
8.309955874424557187e-01
2.430338170279473520e-01
-1.433613854606563542e-02
9.851363027437800568e-01
-2.702396068094226056e-01
-5.612089034684020206e-01
-2.410142770951029245e-01
-1.917626858693062264e-01
8.156190770709774718e-01
4.881998660847486349e-02
8.298548346201732873e-01
-1.189700981878043518e-01
8.230831459176399800e-01
4.706046993240340370e-01
-4.978066847653324078e-01
5.004492586642828034e-01
-8.774157873791761375e-01
-9.682407514153923422e-01
-4.297335965508235489e-01
6.597027190441366873e-01
4.674855414648086960e-01
-1.216048850607971410e-01
-3.180042334777237745e-01
-4.255567209900950054e-01
6.370225468539725266e-01
8.293347312618246647e-01
-1.905894999027284431e-01
-5.862822401396583505e-01
-1.757591516624259498e-01
-6.555046759590028582e-01
-1.754990828496401090e-01
3.848474567522006673e-01
-9.725916421941740442e-01
-2.071358909268246062e-01
-8.670231056294290806e-01
-7.560591223403099193e-01
4.808793895910550287e-01
8.850492245657803903e-01
6.082586557671256777e-01
6.779816056839946814e-01
5.400944075129563426e-01
7.030788015193070173e-01
-1.493694637546942872e-01
-2.711652708002223466e-01
9.491081749384151500e-01
2.501220745257080047e-01
-9.918847692762091661e-01
-5.898067224921204055e-01
9.161884760452576604e-01
-7.241564295161759812e-01
-8.234164251380571287e-01
1.316516665675568909e-01
6.210324213476847710e-01
-9.873062872668065815e-01
-2.962675510562604586e-01
-1.654548666075792429e-01
7.505899560097035739e-01
-9.546255468718989334e-01
5.228318548603227978e-01
5.106849578858991823e-01
-9.279739451305886178e-01
9.060562988233464843e-01
9.551911008377391710e-01
3.562517117359202956e-01
7.783885879637721938e-01
9.059588521054329213e-02
5.341036678852333353e-01
1.038617081480734949e-01
-3.348818217592450797e-01
2.629481181270065804e-01
7.632021783415956495e-01
-3.135168409538380274e-02
7.703680849797880370e-01
-3.646489621233053313e-01
3.306999473712552984e-01
1.811066119147628495e-01
8.005260339515931634e-01
3.439887988454426448e-02
1.867541482893968485e-01
-9.111383413904401429e-01
-8.531975792090151778e-01
3.903173345897945623e-01
6.841240672820725344e-02
-4.471681720195967991e-01
9.090919166840008003e-01
9.294939874263017376e-01
-7.255639889404477127e-01
-1.142922139265913906e-01
-3.203559321785793834e-01
-2.353472719352045495e-01
-3.160638049361044200e-01
1.139828519678203200e-01
-7.265970534122447866e-01
6.449810020486863582e-01
6.745903288704873102e-01
-6.828870475210391255e-02
-9.606107883627965638e-01
5.977899808855093866e-01
-5.202102400011143768e-01
-1.087924350859881262e-01
-2.428970295507093535e-01
9.639546434827424015e-01
-3.086118252618401669e-01
2.813207973867422051e-01
-6.449112248301200889e-01
5.720769542314461109e-01
-6.829809225013658835e-01
6.358771518907007092e-01
-7.282854787513965977e-01
-6.130031539493527859e-01
-4.839880228142006136e-01
1.207555524148427040e-01
1.194448949559634432e-01
4.303894987202703248e-01
-1.976012627681085210e-01
9.495691251553914913e-01
8.334972041623860406e-01
-2.455322873471437184e-01
9.192990336196329437e-01
-2.184908347954661600e-01
6.289374773498255244e-01
-5.239454684427879982e-01
-4.728092732726696390e-01
-4.165513919611441018e-01
9.715925057583054691e-01
-1.261379394689996492e-01
-4.258615519584045828e-01
-2.782573668879604334e-01
-2.517702340881833312e-01
-1.392631128233035032e-01
-2.397029087753284049e-01
-6.569251322784288583e-01
7.514017881834251789e-01
6.349516266739436698e-01
-3.103432730722843758e-01
6.489397844239197521e-01
1.309928913665294736e-01
2.349715996856855948e-01
-1.901245833368259142e-02
7.715085086679236426e-01
6.961203848181782838e-01
1.844732780835351971e-01
2.447045622044532465e-01
-1.424861171038063201e-01
5.935065010220275106e-01
-6.244213532959419499e-01
