-9.475906816378779629e-01
3.096538280618632913e-02
-1.761665794609293068e+00
1.371713233434339818e+00
-6.004860125471047638e-01
2.315011124258157249e-01
1.654314929888603292e+00
1.845351007005712196e-01
-6.191364337128508755e-01
-1.502133135328428959e-02
2.281443929209049370e-01
1.391323947516350246e-01
-2.436446044797871746e+00
2.777567344395637794e-01
1.267017569055289172e+00
-8.816610185232214292e-01
1.446429892756024849e+00
2.268994096985741393e+00
4.264254472025050258e-01
-1.103470356979351363e+00
-2.499842774437511239e-01
-1.615891063499233393e+00
-2.617179952805736232e+00
-1.509709434431241837e+00
-8.757644190627206227e-01
-6.249866982213629907e-01
1.392180952261538929e+00
7.765083713724583170e-01
-1.065624033513505875e-01
1.081325814163783150e+00
1.022489384715387362e-02
1.583706523673168998e-01
1.795364221053392939e-01
-5.212443154244148502e-01
2.053978824867822017e-01
6.438599496355495999e-02
7.037732517386167119e-01
3.558347810579333137e-01
4.518793245890570520e-01
1.458750791459441087e-01
5.045051560211597508e-01
-4.406330448027148128e-01
1.105517711281724491e+00
6.894038886946999289e-01
-3.763833813013851837e-02
6.795043067024086891e-01
-3.589124554709937631e-01
-8.998688537052463854e-01
4.218240237392725800e-01
-1.044714966748211848e+00
1.065905727728465313e-01
3.475635604198803463e-01
-2.170778622403638503e-01
-3.017612270631399030e-01
-1.304586991841157895e-01
-5.140929064594595976e-03
2.592994553344347142e-01
-5.755562610202609175e-01
-3.931276308861941238e-01
-6.570853253797682703e-01
9.306792415138720465e-01
1.495807671110757742e+00
6.296231124350306629e-01
1.719031140930300960e+00
1.007769807565191966e+00
7.722908046422088946e-01
1.577243036712369539e+00
1.120478573402345024e+00
9.938647040879753369e-01
-1.942139400806242477e+00
-3.261471059609448164e-01
-6.369710237983939871e-01
4.952097715676995748e-01
5.935597689859997139e-01
5.263785944484240531e-01
-1.104012665324410891e+00
2.815795195712466614e-01
-5.832807734939675359e-02
5.079923516821444052e-02
-6.254077217693106983e-01
3.297467111018973496e-01
-2.636397067288184459e+00
-6.367392725796063857e-01
5.331328893521952716e-01
7.341422792206293568e-01
1.419042905741010885e-01
6.562246279239736246e-01
2.971555444628697362e-01
-8.593280573117305643e-01
1.634391805258468555e-01
-2.128638631637021494e-01
7.412208918978265837e-01
-1.080656487672808863e+00
-9.011323067786584096e-01
-1.140071609035407246e-01
-1.281588199891877111e-01
-1.447799700762636643e+00
6.862372947118611233e-01
-1.657003068240914256e+00
9.086147095252781192e-01
-7.761729170085452933e-01
6.355875419903629364e-01
1.168322947534766509e+00
3.420404745813465652e-01
-1.678536263046527255e+00
-5.303637328241710136e-02
-2.497600885624176592e-01
8.313498310174314287e-01
1.278908176728912327e-01
-6.592565784766855064e-01
4.577257247430802645e-01
1.942247826181759063e+00
-7.121117589551939631e-01
3.160895365812635416e-01
-1.553372260675769390e-01
-5.978566216705507586e-01
-3.552526626467773507e-01
5.579262970539956568e-01
-8.845154779574054826e-01
3.609616023102852900e-01
8.536618442989398758e-01
7.455199351273451569e-01
8.024623137606005097e-01
-9.477616078612162431e-02
4.215452565859403866e-02
2.088190144012131988e-01
1.879139207737313411e-01
-1.434348504114787648e+00
-1.041294612291340016e+00
-1.747104813636715104e-01
8.273056993233285361e-01
9.984271552514958348e-01
5.490203327477540807e-01
5.023119451553635928e-01
-9.675861583110350050e-01
-1.325223100805824616e-01
-1.209252965193088780e+00
-1.418220324570314883e+00
7.933380996890357917e-01
1.670117846842081033e-01
1.391273384730756568e+00
-2.398338894814718292e-01
5.857762178385070850e-01
-9.127053906941282602e-01
1.090738777316758279e+00
-4.047439058381712584e+00
-8.199231089883128598e-02
-1.365761025326176048e+00
4.268182201276173315e-01
3.909717273582130059e-01
-5.091499014142838453e-01
-4.471391838335185831e-01
5.578556734528927752e-01
4.491837625842325377e-01
-2.583917695836198680e-01
5.794735728500731708e-01
-1.234969946861960988e-01
-1.286170376748069888e+00
3.756622374956495869e-01
4.587704214945017567e-01
3.058893327591220568e-01
-2.658838267237437769e-01
6.461114168559863868e-01
2.998288307853910206e-01
-1.285186020030304466e-01
-1.343862220362034066e+00
-3.640385953912806949e-01
-2.483203933056793655e+00
1.320313650825911123e-01
-3.011265658099162024e-01
-3.248545838167967159e-01
-1.387692276472590969e+00
5.851942976861865819e-01
3.848315211150238335e-01
-1.107095950713437915e+00
-8.382399723721579710e-01
-4.281053085933583802e-01
-4.185982348410923204e-01
-2.382048937397516220e-01
-8.424814623529897073e-01
4.381929717642621402e-02
8.400646345280066152e-03
-5.179062328809909410e-02
3.432046072940608122e-02
-3.037048398437671159e-01
-1.619895953597922100e-01
-2.014529007069031374e-01
1.323725231162149241e+00
1.281281194079970653e+00
8.779354654497122379e-01
-2.224562901558722494e+00
-5.340609648100831386e-01
-2.509750992309937589e-01
-1.229555214866143498e+00
2.095019374592026473e-01
1.515267091115261866e-01
-2.243450347636969155e+00
5.177270947010357283e-01
-5.296810992114724392e-01
-1.499229443370639625e-01
-4.997951401800713178e-01
1.737763201526183465e+00
8.788508594721037293e-01
-2.683208665720678843e-01
-4.991670807994452730e-04
1.697351467983884976e-01
6.457923418498150436e-01
2.241052141566954314e-01
-5.037492056857189038e-01
7.594421275469630528e-01
3.553803430617299419e-01
-8.463132908949559940e-01
-3.258831404686292066e-01
5.516098083155431819e-01
5.997765783523255623e-01
-6.454643492615830258e-01
-3.363381468975694677e-01
-5.635133413126367508e-01
-3.607157614385723132e+00
-2.920733571450316313e-01
-1.249472760897338608e+00
-4.906947095592318897e-01
7.839786888753216276e-01
2.167215201493229326e+00
1.014190194563475256e+00
-2.873998531809563994e-01
4.370865676644427600e-01
5.262895019602830127e-01
8.241336679909894158e-03
1.119527404653320457e-01
-6.599628756789394091e-02
1.220191590720681063e+00
1.560268315663632777e+00
7.691236755083641352e-01
-2.079766385344075985e+00
6.068807204857116222e-01
-2.859320955618694926e-01
1.458733098194222588e-01
1.371047775103913791e-01
2.142112038835429999e+00
7.562421109020255328e-01
1.711470875349003773e-01
7.037742485675905213e-01
-4.500851488074273377e-01
1.244283544305566869e+00
-1.413257371667465012e+00
-1.294378685698454046e+00
3.240955134950640470e-01
4.232924319521222944e-01
9.489986289661613839e-01
1.349262094828980185e+00
-1.217116863885929663e-02
5.526123786048728892e-01
5.873258282654905127e-01
2.151366524707130523e+00
-4.147210503692846384e-01
-2.015104122545286619e-02
-3.302074680734842893e+00
1.301870271786096100e-01
8.023557133113339290e-01
-5.354853117512218263e-01
4.692452628141763338e-01
-5.443919367976068902e-01
8.243903322233339104e-01
-5.569102461817565519e-01
