-2.814964283758545349e-01
4.928467331212743607e-03
1.720652081878634831e+00
-3.742440588528024303e+00
7.083703464905848346e-01
2.822787759595959400e-01
1.285629356438063031e-01
9.248888441208988898e-01
-5.457166859059349451e-02
-4.422185996922844281e-02
-7.350563972092433174e-01
1.616422559726069963e+00
-2.875212794182975262e-01
9.118008765731704102e-02
-4.708552051856857990e-01
-3.505351886798860339e-01
-9.814041752687151510e-01
3.439588784785141407e-01
5.132513878928228745e-01
1.608879879692093118e+00
4.452503542089596977e-01
1.362274421868848728e-01
5.910910540316941519e-01
2.978994205455030020e-01
1.290481485398713157e-01
5.223803724430235995e-01
-3.832158421767979939e-01
1.681764667695744730e+00
-2.701531998635426923e-01
5.687079644896118058e-01
5.997714258619109007e-01
-2.812946807471037314e-01
6.415572097980729582e-01
4.830473617561883426e-01
-2.773151183754830051e-01
1.258571678482104661e-01
5.868223857990713110e-01
3.223329804846104540e-01
4.050095541246628628e+00
8.739313854407242399e-01
7.662827048817524300e-01
6.255379231512415705e-01
1.962944129510987290e-01
-1.934890771727361125e+00
-4.519835415149403568e-01
-1.029473473927394300e+00
-1.903479807983954331e+00
4.967917402934969306e-01
4.607992819828021780e-02
5.374255216005222602e-01
-1.789885727075159472e-01
-7.416070332657719033e-02
-2.982646659238294418e-02
-9.895680052571825813e-03
2.043457338626922581e+00
-5.974297781792119455e-01
1.546780468830458499e+00
-4.998096928280325590e-01
-3.486274754640841245e-01
7.765116498478506768e-02
2.343225380724061058e+00
1.554316199789949948e+00
-4.584362009058610132e-01
-5.013918257197568229e-01
6.327732104408430036e-01
-7.724198599687476241e-01
6.659314345222693277e-01
-1.502524301404475904e-01
9.107189543492014150e-02
-9.058157267361099940e-01
1.426522266459343324e+00
2.188068023370768611e-01
-2.934991974025492056e-01
4.293041880788417419e-01
-3.412928124903967797e-01
1.672108574610589926e+00
-3.930667473758627795e-01
6.510582696869253727e-01
-4.699843669690790815e-01
2.777278310054497323e-01
-1.276133517495962322e-01
3.028110883409648735e-01
1.919467173531665960e-01
8.902087361017374523e-02
-4.029636683218439097e-02
-7.031035630940006553e-02
1.574016995921872775e-01
-1.149952996571402819e-01
-1.030611379052768228e+00
-8.891101468313076239e-01
-2.998219723699783179e-01
4.359985360314843073e-01
3.884469447864413727e-02
3.909922775625431224e-01
1.770574847940556973e-01
9.351097517931992176e-01
-1.946868014414876447e-03
-7.950757859960534413e-01
-3.683095818008422784e-01
1.477644399617769277e+00
5.222993840680998368e-01
-6.520586509908956607e-01
-5.090603571160204899e-01
-2.419614918288097438e-01
2.311350904144592044e-02
-4.681735397395944687e-02
-3.632259405805082220e-01
-1.266847655391689642e-01
8.519443318772092211e-02
-8.240201111728246985e-01
3.803937649499651852e-01
-2.783239899614846635e-01
-3.255626456271010216e-01
-1.845411834778496019e+00
-1.825431061733775451e-01
3.892223736274669221e-01
-1.790001513412337042e-01
-2.842457105275382756e-01
2.756698572011011261e-02
9.917499816623681630e-03
-2.752811758407083254e-01
1.431267949991266830e+00
-3.813750451131546759e-01
2.604279872283348229e-01
6.718152796328786813e-01
-2.283638420945847958e-01
1.936355058430914711e-01
1.968914144981775693e-01
-3.020195419224513955e-01
1.187613172469684508e-01
1.713646258697588687e-01
1.168187105772156564e-01
7.865669644652162340e-01
1.755432994678899905e-01
-1.055452614221800145e+00
3.440888830860615588e-01
9.563172927684995273e-01
4.886233794367202815e-02
5.848160127164142574e-01
-1.171619927471952011e-01
3.783980493285563629e-01
-4.798309261422223360e-01
3.589331177704485065e-01
-1.112059642053818020e+00
-5.537025768778807144e-01
-4.007966807791271679e-02
8.089377381574980319e-02
-1.314522569867501156e-01
3.305480487276075685e-01
3.964685625019731541e-02
-1.779054531654937210e-01
2.605324487691168533e-02
5.513770225699226035e-01
-1.563889264817848179e+00
-1.583365835303474078e-02
5.455438564185469685e-01
-8.008985935151164970e-01
-1.871776766499542721e-01
8.013605100680165627e-04
1.689988775731114279e+00
-1.342907004382633274e-02
3.939071356539908808e-01
-4.026187232304814789e-02
7.388054360210671856e-03
1.134062708007062881e+00
-2.568707830003768011e-01
-1.429650272752789553e+00
-1.006007620853330398e+00
-3.506473419676429670e-01
-8.986441625846834924e-01
5.000076569923902481e-01
5.188580364013449797e-01
3.668092663884215954e-01
3.673370277356824420e-01
-3.043135669499062446e-01
7.014913992511393470e-01
1.043491509126437844e+00
-1.300790966264601778e+00
-1.115215020853931593e-01
-3.903897296631555491e-01
1.294176872077996698e-01
4.121782080347974331e-01
2.349089535542988050e-01
6.509439947775332858e-01
3.289354940343283129e-01
2.102620046407570609e-01
4.025144873998905415e-01
1.344057078254135007e-02
1.547330955646705863e+00
7.793117037798003022e-02
-2.055706389237799137e-01
1.864737617262176572e-01
-1.731197315450567098e+00
-1.024370303670000260e-01
-1.956355264337220068e-01
-1.064893050480932413e+00
-1.170967850636192298e-01
-8.869842052208318783e-01
-5.766669966222995880e-01
-2.423584684417364465e-01
-5.526658693076218487e-01
-3.184153166896903642e-01
3.970622479749876810e-01
7.143318683522696944e-01
-3.303510590598429664e-01
4.628071242951423137e-02
-9.409161452404836423e-02
-1.897308362713578112e-01
1.555468847374845143e-01
-1.742311031929087428e-01
-5.046873234863531454e-01
2.889546496501189110e-01
-4.958542333609944341e-01
2.468426323175867965e-01
1.415585893488666147e-02
-3.106005710629284877e-01
1.168743993015831095e-01
6.658627736107315398e-01
1.282289314893633847e+00
3.736922889949899629e-01
-5.000397744705847858e-01
-1.006123890501133267e-01
-5.804518446039378526e-02
-2.669734233841710713e-01
-2.209597984043813190e-01
-5.789539475012221992e-01
-1.860971545533137150e-01
2.957861746734425923e-01
6.762767399845917016e-01
6.059956201404120835e-01
4.402596766777684412e-01
9.096873023908231826e-01
5.391948384047368092e-01
-7.198378210542017985e-01
1.255364224928549266e+00
-5.457517145120664992e-01
-4.451841496418572630e-01
-3.621472193959305863e-01
5.021246206557044012e-01
-8.688548406517149214e-01
-3.769233258518476237e-01
-3.274718523246954449e-01
-1.725496718774894300e-01
2.515141497279861360e-01
3.311091088516407988e-01
6.633125209793272470e-01
-1.366822457066170893e+00
4.134999875144320658e-01
1.216158343719014878e-01
-4.595686298788392854e-02
2.625210483056787392e-01
5.568039147389797217e-02
-1.081295519975297159e+00
1.493414676457383017e-01
-1.829179717170541508e-01
2.254966227650974098e-01
1.316261541281539715e+00
-2.522176984913538256e+00
-3.828392448814451066e-01
3.689081809618216523e-01
-2.571121701401557491e-02
-2.648272242416591649e-01
-3.170355081726797808e-01
-3.961361931406341963e-01
3.377409230272037099e-01
