1.743036769536961683e-01
4.883280456197814368e-01
-2.334220185159090188e-02
-8.486217834218942047e-01
-8.058923849931032279e-01
2.023017677794574087e-01
-1.757560561370576924e-01
5.939196101584045540e-01
5.023480592208804385e-01
-7.522014790983876098e-02
-5.698434898683669633e-03
8.889971851376627932e-01
8.318021437187163025e-01
7.369344157998827249e-01
3.342676306145262455e-01
-7.755920152421225122e-01
-7.429087693290439276e-01
3.069825054117014673e-01
-6.289219733941606716e-01
-6.717153402979814114e-01
-3.625365028765749620e-01
2.726701982726511542e-01
8.071889265459722962e-01
-1.203438813484069836e-01
4.624048511933545047e-01
-4.509319352411395032e-01
-1.064938304545495068e-01
8.390256326927499897e-01
1.432125519642371669e+00
-5.121524297166398787e-01
6.779336178652249911e-01
-1.065644229705283941e+00
8.460943580352680016e-01
-8.080552355073375992e-01
-3.699440080758422678e-01
9.548481944153925927e-01
1.560652172590250020e-01
6.853165758368721105e-01
8.569374012205090985e-01
-5.123030379369595266e-01
-5.092545627403723962e-01
7.051690899587079731e-01
2.331913760439767280e+00
-2.403327955550870754e-01
2.211672752937711706e-01
-3.752708429608299090e-01
3.216960358522669594e+00
-3.724371187186533150e-01
-7.592095275089829620e-01
-3.067561207823287783e-01
-1.375627816697247430e-02
5.970825810118225441e-01
-9.752363744684677815e-02
-3.980180411104488059e-01
-9.875807552569787484e-01
-2.283018011711827056e-01
-1.487234138614225376e+00
1.879162575029892368e+00
7.864439741893038960e-01
-6.441282246076626139e-01
-3.245139509098181052e-01
-1.087349765956186820e+00
-3.334960744830764434e-01
1.361062959592208133e+00
1.120587146239256926e+00
-1.109239310175500037e+00
-3.319480765242440734e-01
3.871665775151726940e-01
3.990076784860162595e-01
-4.377568462679394812e-01
7.664718532459937617e-01
-4.482840153031730224e-01
2.934970968002240110e-01
7.292937018720481168e-01
5.341711039116158188e-01
-2.316341931133111265e-01
7.932810478209452176e-01
-1.387524411269125180e+00
-4.804463917696093489e-01
1.894091885705151412e-02
-1.242453569943534175e+00
-1.140292719918392650e-01
-4.535795130344694726e-01
-1.718284394654939540e+00
1.640679820683322632e+00
1.523701011763905211e-01
8.125972904213265569e-01
-2.711203788974329010e-01
-8.009028004189790995e-01
-2.404882859908033521e-01
-8.917338547689841466e-01
-1.204864433446341671e-01
-7.033440835954112291e-01
-3.824280830561222477e-01
-6.681411488823626454e-01
-7.808071130071837507e-01
2.098712708497517676e-01
5.350316071074561197e-01
1.153752799166796461e-01
-9.566572932144612462e-01
6.748848566091962820e-01
3.510770186694303630e-01
2.068085285814850738e-01
4.465383916536174724e-01
-5.653804031585942802e-01
5.580638771364628825e-01
-8.828520341834817931e-01
-1.159193045552187717e+00
9.367744140427164412e-01
7.763051813117891609e-01
-1.431591850055529136e+00
4.194412276808117124e-01
-5.603513084744353723e-01
2.875577077415922278e-01
-2.348616760535789938e-01
-8.510205999601395677e-01
-2.291894751854564594e-01
-5.490161980112626683e-01
6.704894257445003225e-01
3.771900937366452489e-01
-4.656553244664042301e-01
4.552968564734212742e-01
-4.570014793479270088e-01
-2.819624502271676769e-02
2.898924422645353660e-01
2.661795245233752327e-01
-4.546911991141387444e-01
6.002995240061124171e-01
5.774828588131861729e-01
8.420630297543403309e-01
4.971887842280918735e-01
-1.305562343390724578e-01
-1.463105941767850915e+00
-3.079500038281263730e-01
-1.180672594413470167e+00
7.804329526149604845e-01
-7.017686301308131425e-01
8.553145832093042022e-01
2.531990837561520769e-01
-2.578072806623564195e-01
1.761474385968143097e-01
-6.145692331509297057e-01
3.887987048074296736e-01
3.032506078500843971e-01
-8.108424847900452814e-01
3.843693904483850288e-01
-1.452092481380013789e+00
5.336343228085259627e-01
1.706483708209399097e+00
5.750225077296015896e-02
9.436208820062959024e-01
-2.885021409958515859e-01
6.301843967417897208e-01
-5.113692370664836284e-01
-1.359567971342597215e+00
9.442166308527973895e-01
-6.365961975288735308e-01
-4.437972106013859386e-01
7.584516223339110574e-01
5.321923090622475705e-01
5.504650997037953131e-01
6.054222008965637336e-01
7.844150413721034942e-01
-1.762334604505158275e-01
1.997859621378614559e-01
6.811951243523649557e-01
-1.353375828443410089e+00
-5.325182958758397644e-01
9.198550751107408274e-01
1.062558057062786387e+00
1.515176081091572924e-01
3.923142492304586559e-01
8.943615569914643848e-02
-2.513094683930761963e+00
9.161928479307716033e-01
-1.719284401304264298e+00
1.415515495621612052e+00
1.089346768934307930e+00
-5.686873984523996839e-01
-1.181886087060719959e+00
4.857587195896574395e-01
-4.409924764582947576e-01
1.948420939787297801e+00
2.832606873884120358e-01
3.842414100882357020e-01
3.495107736351015237e-01
2.064530769339964600e+00
-5.929880499500455038e-01
3.605888679860900781e-01
-3.509861906274706733e+00
-1.586678307179814618e-01
3.820046746781002311e-01
3.249201489562287826e-01
1.074614365401807214e+00
4.016999892446348475e-01
1.131703104706398150e-01
-1.668504510913842998e-01
5.468977445111030677e-01
-1.245312789756332972e+00
2.727775284511865794e-01
4.166069939438668546e-01
-7.335995545564882869e-01
-2.890908235164203477e-01
-1.050153548071321108e+00
7.348251103398644180e-01
-1.447811428674604217e+00
-1.324998644118181579e+00
-1.618923398946906955e+00
-6.650556468466388704e-01
-4.583808276412795757e-01
2.274938427310030098e-01
-2.832838812912651383e-01
1.332847304182447790e+00
9.021138015940380894e-01
-1.440495156926215603e-01
3.695837876829161095e-01
-3.211700580701637997e-01
6.596710487434405135e-01
6.034008176531421852e-02
-1.285665296747247721e+00
-3.142473592491092926e-01
6.207503638962394987e-01
-5.350354496757877554e-01
-1.988934111784432135e+00
3.519012260982333495e-02
4.287124126887930098e-01
2.085172463826325540e-01
5.745328368926139184e-01
-3.899103724399758525e-02
-5.987474081080480515e-01
-9.227573147621349614e-01
-2.143143068953188735e+00
3.562179164728096481e-01
-2.037699173441410494e+00
-9.763198862314814708e-01
-1.183160829430223382e+00
-8.407418729784384981e-01
1.456335974597443017e-01
-2.303690524173768184e-01
5.736920404831004072e-01
4.047929901396528085e-01
4.474750414454697900e-01
-3.114440286458238782e-01
5.319478116117938304e-01
1.370230126787011615e+00
-9.891091236784057550e-01
-6.553894078983959481e-01
2.988277719482488326e-01
2.181016526226015884e-01
1.861121408487997897e-01
-7.452507990620002021e-01
-3.403288653868894453e-01
2.109431735613128689e-01
1.156280567470850951e+00
-7.707792763270336633e-02
3.606365599660189547e-01
5.023514138694749054e-01
-9.639088323857866736e-02
4.582693221726602539e-01
8.896786872115307609e-01
-2.178587284126456858e+00
6.840116888874616663e-01
-2.069196174678882005e-01
1.014148781704250935e+00
-2.325919790181016911e-01
