-2.049424776725076724e-01
1.016143599281738724e-01
7.074977885425239865e-01
1.017753810007977044e+00
-3.099737586699784497e-01
-1.272457691543438907e+00
-6.423868747449665295e-02
3.670210676649290904e-01
-2.099260750950834309e-01
4.769107306856785744e-01
-7.861512253732513278e-01
-1.182546269697990482e+00
-3.083481097609558352e-02
5.323458734019255179e-01
1.077540540602491381e+00
1.031087940867614794e+00
-4.205882291432813114e-01
-6.090729864988759790e-01
1.635786138951867974e-01
-5.968298130647254895e-01
7.456889862711684192e-01
-1.379797277781399378e-01
1.301340134459004982e+00
-1.106744964913141116e-01
4.488328474370358867e-01
1.844194824567452207e-01
1.320145310181359277e-01
4.389738494248839884e-01
-4.552769768452505361e-02
-8.410992348897838866e-02
5.179103571082478430e-01
-1.757343205031360600e-01
3.160324912119804042e-01
-2.295928193019498575e+00
-5.834535336067831618e-02
1.566397143873353437e-01
-3.528148348639189025e-01
-4.697462440981141629e-01
-4.121097052297588159e-01
4.616389147370097423e-01
-2.380218618063165703e-01
-3.067289548057510196e-01
-6.481691385811281236e-01
1.332088857949478733e+00
2.532354335855620531e-01
-7.581758776992298943e-01
-4.593562254365551323e-01
9.118164390542671249e-01
-3.189470326545275070e-01
5.757721445327826926e-01
5.203053729564478536e-01
4.685798646750511942e-01
-6.179694842668972954e-02
-5.408415221993955191e-01
5.940449244817284091e-01
6.130583945142568103e-01
-1.531563965325466459e-02
-6.906326077335658287e-01
-4.209542389058315015e-01
1.006087813401164599e+00
2.422691575904530742e-02
4.548682629522635690e-01
1.964008103793578042e-01
9.943400303982448118e-01
5.679652500651151126e-01
-7.980869048322566939e-02
1.306432091430778930e-01
1.377966306451298140e+00
-1.753659835507697995e+00
-9.532321483233516801e-01
-8.396017445739549778e-01
3.433164059356452191e-01
1.204103284676901753e-01
-1.773678892156325793e+00
1.421497639861616646e-01
-1.463482003764010608e-01
-5.744662161331278716e-01
1.469767164786160707e-02
-4.825677049799498297e-01
1.868591506448332579e-02
5.329595726114985110e-01
5.650814329331398378e-01
-1.384283348746962738e-01
-2.052484222330473729e-01
-4.968734303340441305e-02
-1.400102774440940001e-01
-2.341511087114895029e-01
-4.981508490974133063e-01
-2.375653844363607159e-01
6.103329622461139969e-01
8.879841246128636345e-02
4.631348943523838635e-01
2.944805487176521686e-01
1.162935021209826614e+00
-1.027242546491033276e-01
2.936406450898251808e-01
-1.136082576237795738e-02
1.451868300531726108e+00
-8.407309716331875515e-01
-1.374931910831991289e+00
2.634330905212280416e-01
1.545552056449293610e-01
4.394398172320241325e-01
2.001938089586730585e-01
-2.739211339578828674e-02
6.253675156914746680e-02
-1.788085554502108210e-01
-5.675577290777152062e-02
3.006392363341706675e-01
-5.356795648831127465e-01
-2.030185251526247514e-01
1.028669709315544578e+00
1.030626641685720435e-01
5.635923724082688713e-01
-2.246217407623840145e+00
1.231820003909838146e+00
-6.808987466610945116e-01
3.043576114881455519e-01
-3.835619658443212288e-01
-6.008549443411309587e-01
5.872430036195542824e-01
3.440195981425467897e-01
5.246682018422460514e-01
-4.369328245628774088e-01
-1.902805896471749803e+00
2.546282161216623763e+00
2.691863654654339522e-01
3.816642217833071671e-01
1.074926349770486261e-01
9.522824688588946707e-01
-4.870622387229750494e-01
-4.611273313638191707e-01
-3.283597761611826149e-01
8.438316481943772818e-01
3.445491538259217723e-01
8.511588564704491988e-01
1.150745010678131397e+00
-7.573171550319952594e-01
-4.504632417433186431e-01
-1.246869876561817581e+00
6.101055170380365045e-01
3.868953043886999232e+00
2.867145568250480114e-02
5.781445589539526697e-01
7.556001829234773037e-01
2.164078108823825342e-01
-1.618761382288725237e+00
-9.561241390352297476e-01
-3.419670724012426333e-01
4.539478637980969289e-01
1.931150319127560300e-01
5.259024083182517462e-01
-3.427465345565781085e-01
-2.245241793710134326e-01
5.567351748478566176e-01
-6.861658414757734192e-01
6.361638699084928295e-01
-1.393990210813896014e-01
1.484353362248989061e+00
1.765182128829450026e-01
2.908389018646556079e-01
8.636983269381124373e-01
9.126029984367178827e-02
2.061939415575826384e-01
6.518158545391645742e-01
-2.747345409486223744e+00
4.170461116685367786e-01
-4.741277339876467378e-01
-6.450855086756018819e-01
6.182591673367754392e-01
2.630573471509823902e-01
5.737617597575068729e-01
-2.598707318967247160e-01
1.480702218936651882e+00
1.097723560762044887e-01
-7.773846983581345071e-02
3.437375650292678331e-01
-9.907736756033749814e-03
7.166562280167163568e-01
2.425845280375019675e-01
6.691591432796629713e-01
9.393342290604886347e-02
-1.858761064990122336e-01
4.452726164605745884e-01
-2.325932333931522433e-01
2.140056210486535049e-01
4.555705152140836489e-01
5.667718773554022427e-01
-2.181755807678527337e-01
-1.911979574259359049e+00
-4.580436575792413145e-01
-6.300043335284576385e-01
-1.858788717438946692e-01
-1.832340699355074376e+00
-4.053172028904892810e-01
-7.362248736282595019e-01
1.094365229245217508e+00
-3.179666098738835878e-01
1.034972380593321750e+00
-1.329159930713026849e+00
-6.542494615598029029e-01
1.300609743807893959e-01
1.150619502590593535e-01
-2.628487253679812063e-03
-2.466089515568547219e-01
8.735974204998729620e-02
-4.586394540759987370e-02
-5.172191067370563999e-01
-2.192779772186364065e-03
1.846459956915823541e-01
-2.532301767516607072e-01
-9.007426707397363508e-01
-2.522685704338865631e-01
-5.505272452437534048e-01
-3.866196604241796120e-01
-4.149804459372920529e-01
-1.518538569786375358e+00
-6.389519283056376286e-01
8.721378474837770955e-01
2.356722871776795181e-03
-4.184370078699392592e-01
6.501543566088858750e-01
1.078326749308106569e+00
3.000045566532030805e-01
-1.291254864695736415e-01
-4.046102705618757067e-01
-1.015473018199517297e+00
4.507795342972300556e-01
2.741912134654644201e-02
2.963992436574548472e-01
-1.532563507118222645e+00
1.167551798175488376e+00
2.676597066968281480e-01
5.188136749018048555e-01
1.450570698919982471e+00
-9.073797181909056819e-01
-4.533028860378386371e-01
2.453101085818452654e-01
-9.780587311256072613e-01
-1.451446546671457949e-01
-4.744713316886010196e-02
1.225615269862220469e+00
-7.130305863875403549e-01
1.468128805208356757e+00
1.469770033857881741e-01
-2.783188254904390979e-02
2.871021263812064683e-01
1.407591803958868404e+00
3.840857871667909262e-01
3.052333645572656573e-02
3.619939208417739529e-01
6.541283580256413988e-01
-2.470691169701811629e-01
-8.743676420713681896e-01
5.319599365345750730e-01
9.911845233726544746e-02
-2.269459660587984651e-01
1.089499122947855003e+00
-1.986176230034774615e-01
-2.003023215126956469e+00
7.134332438660275777e-01
2.474963645190102757e-01
3.134341052806227101e-01
5.558872931882341550e-01
5.189704976043326701e-01
