-2.244089359331307154e-01
2.208093704875880192e+00
-6.901300791232461984e-02
1.748997932625184770e-01
8.174003970849298417e-01
-2.056599459724828272e-01
-1.034790016581452754e-01
-7.252323010855286078e-01
3.674365751168399974e-02
-8.956926149922306291e-01
-9.049264520613637952e-01
5.024841492946834354e-01
-3.357674850751193318e-01
-3.617709415580437349e-01
1.627597989079399454e+00
-9.206283140720358249e-01
-1.622379822373169189e-01
1.133670254519001386e+00
1.060441937541075852e+00
-1.732828657547689222e+00
-3.906587542161867321e-01
-5.087182543380359689e-01
-2.752107404364948495e-01
-3.686976303896833951e-01
-1.380583233279390587e+00
-5.626594820769723615e-01
-8.612954907564102092e-02
1.111598858717088856e-04
3.562357225913798109e-02
1.055934389052893274e-01
1.299911667788720415e-01
-5.063254733606366020e-01
1.102237769180426652e-01
1.678073436469645463e+00
3.158365488173459079e-02
1.197242575868217584e-01
-3.743661075916748793e-02
2.521149494277913905e-01
1.287766838069464903e+00
3.503326249834430306e-01
-2.506522407497836280e+00
-3.383718765615396085e-01
-1.065930222935425470e-01
-4.088148062075329103e-01
-8.868162048495915883e-02
-9.170380933718075278e-01
-4.179605184735597501e-01
-1.674575949392766772e+00
-1.263220981154275169e+00
-2.053818481716265687e+00
3.896707394460480756e-01
7.018161867634687967e-01
1.297860081412984534e-01
7.864613188281655010e-02
-1.308381329437079132e-01
1.011326740718278827e-01
-5.516136123609777231e-02
-4.178188428022461820e-01
-6.955476294645133173e-01
7.066347472553015097e-01
-5.018342491375007430e-01
-1.782025698453610918e+00
1.052261680728597826e+00
1.340331357384653588e+00
2.427920763118174285e-01
4.907867845810149343e-01
-8.242895542757505689e-02
-1.857206662979765666e+00
7.683617243011481301e-02
-4.962820957460229998e-01
-5.282769326260747800e-01
-1.852302686835869960e-01
5.795208148481267862e-01
6.735810308839825788e-01
-1.255691666958624886e+00
9.750295974890050843e-01
-6.701057833058465807e-01
2.742913243593677053e-01
3.297152985835818395e-01
3.429618529931001136e-01
6.735157218294263171e-03
-4.082004478739337250e-01
-1.122595124948651213e+00
-2.187427291468518886e-01
-8.030586773532293332e-01
-9.812120245876280178e-01
-1.556876525838492231e+00
4.727445649347463141e-01
-2.508108677228494399e-01
-1.281138043224260947e+00
1.676419586378282700e+00
-1.444365122826176961e-01
-4.410952918773374254e-01
-2.329365388175820561e-01
-5.204910538039314583e-01
2.431607675920767209e-01
2.775810808561694487e-01
2.497239210585301961e-01
-2.816203436528107451e-01
-5.685488078158514036e-02
8.851247416002293311e-02
1.742456961646484115e-01
1.646860795408651712e-01
-9.955739654817691298e-02
-1.340232325608655961e-01
9.750350779082349317e-02
-1.086213612338070567e+00
3.168282290663135825e-01
-1.840105060373904006e-02
3.526013400339772508e-01
8.061723666116249465e-02
-1.259212745723369498e+00
9.368311679154064375e-01
-3.833418449627131186e-01
1.154638640303308428e+00
-4.522028904956405526e-01
-1.964389166649398513e-02
-6.841896037792550844e-01
-1.176086489178806760e+00
8.124327109473697406e-02
-8.634991887986688541e-02
9.054716002538650832e-01
2.363004977985264654e-01
4.284644001837481508e-01
-1.273528454161595658e+00
-2.415301287413603948e+00
4.791819829076008341e-01
-2.176490290404655248e+00
-2.528995092286843605e+00
4.454902008869007779e-02
-4.955674113161552263e-01
8.423098653093347155e-02
-1.548485781672385153e-01
1.792769480166567453e+00
2.191677769952193322e-01
-6.419718392052755629e-01
1.461448079556471047e+00
-7.003863340028565476e-01
-1.551674766163494978e-01
3.269703680233189136e-01
3.328559190800086109e-01
-1.493150158460331056e+00
2.759787321768544244e-01
-4.428177828906307983e-02
1.023972114592811358e-02
-1.319301562349048662e-01
-2.871301154276997836e-01
6.254541565112378132e-01
1.016102131954638388e+00
-8.466202211625555307e-01
9.451999053961832598e-01
-9.365105105453924716e-02
1.267005037107732157e+00
3.737244335692100905e-01
7.218157558042608279e-01
-1.130778449166874033e-01
1.124839023434757168e+00
-1.019279611650581785e+00
-1.058464954853314821e-01
-1.256712065162924608e-01
-1.022962301847047506e+00
-1.682576667798017789e-02
-1.244966921817970640e+00
4.691180403166667068e-02
-3.823856856576427488e-01
2.889210626151845207e-01
2.550914360780724977e-01
5.999543269492479958e-01
3.934608543479511944e-02
-7.506771711066007047e-02
-4.994258535306337898e-01
-2.017387313066729831e-02
9.608206522521839377e-01
-2.083232361490203743e+00
-2.527436654183882414e+00
1.026564540471817388e-01
1.290844336790863967e+00
2.054334334324136258e+00
-1.018726907838562123e+00
5.223335834043971726e-01
-1.996518726801262411e-01
1.019114257589489730e-01
-1.707262599959783467e+00
2.256207225526599414e-01
-2.429126822367835836e-02
-1.048273082833587999e+00
-1.695966475088788172e+00
-1.340486895624258157e+00
-3.760875771901238118e-01
-6.224888137273167921e-01
2.969989005215863398e-01
-6.804775010895290910e-01
3.539704780864556533e-01
-4.431041106660962847e-01
6.573236831304403172e-01
1.962779891675459076e-01
2.224183612800534893e-01
-2.591229355981798932e-01
5.337213784416763307e-01
2.114999364791200209e-01
-1.434037775068202958e+00
-3.316525908233581843e-01
6.917630022157493508e-02
4.232343221420968304e-01
-1.083720599264895723e-01
-2.238240727231087135e+00
-1.023238420551447536e+00
-4.195799304262420870e-03
2.876525835106041873e-02
-1.645587246513809943e+00
2.936467333195944551e-01
-1.669441800741230386e-01
6.170534024272276152e-01
-1.163668417150856560e-02
3.171253734509342781e-01
6.025297578476447313e-01
-2.926152002343171965e-01
8.446450747662970215e-02
-3.643047719458217815e-01
-3.467518088205656657e-01
9.298450392858977065e-02
6.263468298612990814e-01
-7.194451264568010318e-01
1.274775364887909213e+00
-2.439823659218229024e-01
-1.273727664984017682e+00
-3.151764876024911732e-01
5.377622339521599681e-02
9.331080947978165341e-01
-2.608360215085789302e-01
3.348730418349317173e-01
4.716591878132089799e-01
-5.999224248359373846e-01
7.023599901542708634e-01
1.473873877604928495e+00
2.537411017208787700e-02
6.107241657764372889e-02
-1.230073906744824086e-01
-1.207366351182318942e+00
9.601799628483963511e-01
-1.085936116025343567e+00
4.853047564725098684e-01
-3.443504280972717879e-01
-1.101326621977543496e+00
3.998833270998308209e-01
4.278754147269049346e-01
1.950960779351455843e+00
1.717229993194021809e+00
2.589357651484370249e-01
-2.686794492453187244e-01
9.389602471316740862e-02
-1.549302041728926271e+00
-2.918498031566563178e-01
3.343824369961862497e-01
1.136795064151783219e+00
6.591123793277181564e-01
3.517231263560753884e-01
-6.705476151059978074e-01
-2.659142512900096733e-01
4.414060376751523518e-01
3.540904914680836901e-01
-9.747299980309323542e-02
-1.419916739509289760e+00
-1.223835852148918990e-01
1.490592633540521073e+00
