-3.676897836866145908e-01
-2.369739840656914787e-02
-1.132746758346205418e+00
5.414832312512424944e-02
7.799067712001155339e-01
1.754834434571766466e-01
-3.604265232993362211e-01
6.339250924656036901e-01
5.578483045790170181e-01
-1.234441261405002210e+00
-4.082123620440540890e-01
-4.332211653874541435e-01
-2.525429323552446093e-01
-1.244750965872038151e+00
-1.255228987588414002e-01
-2.873884041277319223e-01
-9.300129086965479575e-01
-7.515691856777093616e-01
6.440659490814608645e-01
2.035746036903433587e-01
1.514809985997676578e-01
4.912935349020833842e-01
-1.691064741784853165e-01
1.331447032289979404e+00
1.755249406160502623e+00
-1.394870155097332809e+00
-5.734271145697280581e-01
-4.922093727545786557e-01
-3.442848890586784893e-01
-1.028758971060484306e+00
1.228495188677291017e+00
1.567863223491368307e+00
6.342495233138872868e-03
-4.492082559458393520e-01
2.613836609692665736e-01
-1.418017417151302695e-01
7.013071493878939577e-01
-1.774428307261151361e-01
4.213537072582831389e-01
6.849491614178697674e-01
-3.041602275813550804e-01
-2.765051827177961719e-01
-8.261013952896233414e-01
-2.994648813079708871e-01
2.060105370715604067e+00
1.165111705738578057e-01
3.070613857859425533e-01
-6.068977703116875677e-01
1.632355664362582781e-01
-5.577024543056777750e-01
-3.747887607760677642e-01
-9.210422093425869594e-01
-1.124055774498921689e+00
1.849631100055943334e+00
6.115737966624221755e-01
-1.026477551252713116e+00
-5.471248316036330522e-02
9.505108204337806566e-01
6.673004624683385178e-01
2.254891229550275433e-01
3.731974473147791072e-01
2.837424332141323946e-01
1.313400507191371247e-01
-7.071027901813732308e-01
-1.774219556899497618e+00
-4.258127585287960204e-01
-5.251058987798802313e-01
-3.521167357326384639e-01
-1.606346208664297115e-01
2.894301306751494440e-01
-2.242372356949999257e-01
-3.910668625330628728e-02
1.728166102122486725e-01
1.178580293761966880e-01
-6.901947661827148028e-01
-1.505327970268719451e-01
2.173091253689843905e-01
-7.266070636134720484e-01
-2.988192945519385635e-02
3.981507663458064283e-02
2.462918509067307804e-02
-1.475350012258965782e-01
-5.717528849202828667e-01
-2.619618356147557781e-01
3.386261962236889467e-01
2.502981058634945466e-01
-9.299883202459952036e-02
-2.191429483977781478e-01
1.908341761364157341e-01
3.156540421194701379e-02
-4.095221120015878347e-01
8.777131386046055361e-01
-6.217887649005371387e-01
5.612251998258496744e-02
-5.653630700036413881e-01
6.030578611358998753e-01
7.387660573776125839e-01
-1.166895206112069650e+00
5.025873908137331592e-01
1.241435083116027016e+00
1.907083585925112068e+00
1.317015981578644634e+00
-1.290427009444455597e-01
-2.203696470543649033e-01
9.581915786012423775e-01
-8.681896768898457184e-01
-9.410130895876295254e-02
1.133267440944743853e+00
4.425330852712490715e-01
-1.232997630001051032e-01
2.040974476620398104e+00
-3.710930803528522670e-03
3.834201664474225502e-01
4.143951715920397155e-02
-9.414937724445398004e-01
1.345801105686176502e+00
-1.965304836820995105e+00
-3.505364305686755610e-01
2.538439774681305883e-01
-1.379326000710092148e-01
-1.562141854990284351e-01
-4.960752490828668204e-01
-3.121529143529970796e-01
-4.793658959443679035e-01
-7.263986093707711644e-01
-2.909898978417871929e-01
6.353297008558904668e-01
9.612183583914332696e-02
-1.221635474217635520e-01
-6.876934365058056109e-01
-2.986218865701029124e-01
2.161676571355450882e+00
-9.649252265493780678e-01
-4.452449115285478376e-01
-6.028438302835121831e-01
-6.635368951566167350e-01
8.212534486769672293e-02
7.714613219367670860e-01
-4.086417835859627035e-01
-3.279553675562178583e+00
1.237211192887845979e-01
-3.971877586390604176e-01
-1.949120389836408451e-01
-6.007502906951938115e-01
-4.433853540537213700e-04
3.953963327892843216e-01
-2.019477703618891007e-01
1.645409643069973005e-01
3.651827046079764161e-01
8.261944122322577577e-01
1.179168142236855232e-01
-4.619230244031986565e-01
2.427983834121282825e-01
2.675465797254951150e-01
-5.727336875768173075e-01
9.487011739020720924e-01
-7.165871994698840286e-01
1.863995350274643137e-01
1.613261810398813612e-01
-4.841123421980857433e-01
-7.548087789697186523e-01
-2.613319134745848427e-01
1.030116866459317215e+00
1.237430415881641599e+00
-2.892317810657266675e-01
-1.869203059553598223e+00
-1.258750612315273076e-01
-2.552411650180242964e-01
-1.151829971336157277e+00
-1.825562505236065225e-01
-8.595756382808356078e-02
5.182424162387438971e-01
1.324922159197956528e+00
-6.539665529638480912e-01
-5.941815265430684390e-01
-1.398225316067727375e+00
6.647802070081515469e-01
8.379970083616562482e-01
-3.439740864047921010e-01
3.385652096289279989e-01
4.605470693823801032e-01
8.769557447205967859e-01
-1.033633281500857093e+00
6.506292973614850039e-01
1.671031861632380489e+00
-2.853287938531100520e-01
2.057607336727737213e+00
-1.222661757899625723e+00
-6.542842802422355053e-02
1.467895867243644403e+00
2.250588352311366336e+00
5.586947323484484640e-01
1.200231288559428400e+00
1.942982106745122506e-02
3.702389964054358940e-01
8.751970909678045973e-02
-3.380836945810968275e-01
-2.091303727003726021e-01
-2.293701454222310532e-01
7.885387003714358634e-02
-1.118288658330146568e-02
1.711251705731890449e-01
-2.433102304002958960e-01
5.731762947482809123e-01
3.533927884657911966e-01
-1.969249931870514114e+00
-4.940116078078653217e-02
2.285253430962380872e+00
-4.215492615169025292e-02
4.827221933535154053e-01
-1.302420146049267924e+00
3.451338418862515689e-01
6.381577964013723792e-02
-7.015450634193712287e-02
1.890262961859202062e-01
-8.784744486052002976e-01
-2.508482031730356887e-01
-2.307748228752846131e-01
4.599911272860702782e-01
2.880894226103621891e-01
4.496743338972029047e-01
3.314128536946508302e-02
-3.166505258771897813e-01
3.048148261274158388e-01
-1.857496684964558484e-02
-5.963867451717643764e-01
-1.729091981746262163e-01
-4.626890935819782946e-01
-3.728548255815453683e-01
-9.198041725818986158e-01
3.068438039035119580e-01
1.851117934532648668e-01
-1.765376094439489452e-01
-4.384954769973156141e-01
-7.213379003494720110e-02
-4.292975528307703126e-01
-5.885037681794419440e-02
-3.410456893848353155e-01
8.473663372159943863e-02
1.198396264388464472e+00
1.509859580972152671e-01
-6.690196351116852735e-01
-2.739445672298465584e-01
9.236491214244452186e-01
-7.365079011364780714e-02
-1.581319067388740340e-01
4.803703844850639171e-01
4.741241475430882923e-01
-6.576563246869864265e-01
1.116090111338271518e+00
1.699719676497359333e-01
4.207687912048311274e-01
1.914288017534516051e+00
6.963139736946990510e-01
-2.474003483890515609e-01
2.113144981654932586e+00
-4.838975753265561952e-01
2.134649150715140220e-01
5.468682201032454282e-01
7.351567802498688575e-01
4.156811651838764055e-02
1.798571085814402726e-01
-1.262085087307001530e+00
-2.025508730594584694e+00
5.040623155434791336e-01
