3.555393356045153941e-01
6.570161007019890143e-01
1.545495465680791491e-01
5.706338681454906636e-01
-3.680600274900872049e-03
5.626930114954719064e-01
-9.718668008776354394e-03
7.059920691033928497e-01
-1.590598838439546414e-01
2.002581003721085051e-01
1.052705242851293521e+00
5.402470700334431886e-01
-6.153182701905141050e-01
2.315709218490396085e-02
-6.821236365533802637e-01
-8.490993072949962750e-01
-3.163864848628982207e-01
3.259437662920582068e-02
-7.929296964600898168e-01
7.348460336914668378e-01
2.633841638616721825e-01
-8.525728058907169893e-02
-1.069970608193895334e-01
4.210702131370593904e-01
7.674803003402774770e-01
-1.229405780617179311e-01
-8.587969177673833165e-01
-6.854733238998806932e-01
-8.886513761083489893e-01
-7.424579535627050531e-01
1.406517804589250797e+00
-5.946965331397124910e-01
2.293766159985848763e+00
-2.484319160062076481e-01
-1.315786023783558356e-01
-9.854321701685457846e-01
2.687782863283016965e-01
-1.116601288280952287e-01
-4.725470512363363351e-01
6.666262040049376614e-01
-4.025018074200877316e-01
5.829728414526997859e-01
-5.927536435397999792e-01
-2.121385391767104389e-01
4.133455716841711314e-01
2.980814826348471835e-01
-6.443265957608147743e-02
2.146800784475756951e-01
-1.223250194731753115e-01
2.843706451408318375e-02
-3.810143838039399267e-01
-5.954955314690021928e-03
2.971693987345432220e+00
1.093820623629060407e-03
4.164243331025233585e-01
3.549537354807097977e-01
-1.310238591442669520e-02
-1.900267927498763498e+00
-3.192723071374880539e-01
-4.982053113607176620e-02
-7.073368982703471808e-01
9.356179285978809268e-02
-6.184903729377000392e-01
9.796487231464315326e-02
-3.345840181932674406e-02
-4.502480276533028514e-01
-2.122007205528525786e-01
1.217567239271540036e-01
3.572529990985007786e-01
-2.101232819009953012e-01
-8.215650619869289129e-01
-4.129612109115859409e-01
5.704540536622102476e-01
1.697964657270739641e-01
6.598850877836329731e-01
9.306141432113137490e-01
-5.953646052829231206e-02
8.065755100793402521e-01
1.886108522947321092e-02
2.706859001128321118e-01
-2.818804077629400440e-01
5.465671784549845924e-01
-4.820195537632137039e-01
-4.410318951470839632e-01
-1.199337517595968405e+00
3.959470440450665873e-02
1.505534304132404855e-01
-6.827615692644748435e-01
6.786269372219821960e-01
5.278921411626802396e-01
6.381725966521907545e-02
1.960931220015766363e-01
-6.407809892410264441e-01
2.161537107409231551e-01
-8.917114751195186206e-02
-3.122245684763373386e-01
1.194740709966296555e-01
-1.688940062128078123e-01
-2.169417167722742512e-02
-4.275668301534870652e-01
5.136535816655334319e-01
6.835532229141585425e-01
-4.524892180508711670e-01
-4.087531736148692918e-01
2.987492288398242435e-01
-6.664427078683593519e-02
2.259827217623972540e-01
5.700568122382466685e-01
-5.482700197473582282e-01
2.289058489481033132e-01
-5.294345877573745085e-01
-9.209638575314753606e-01
1.405883513095933512e-01
-5.844354034208222304e-01
-2.254182462290969802e-03
2.524822537103896813e-01
-1.078571555782895236e-01
-2.046946925827397012e-01
-8.023081623342351865e-01
5.728472762618886938e-01
-2.645027239084957738e-01
-8.359447368240148224e-01
2.537270229709353231e+00
-7.768876513623763636e-01
-8.818453276774110838e-01
5.151439075340336071e-01
5.415320585008649434e-01
1.482818358968875483e+00
8.164689403456651950e-01
-6.275324690911300296e-01
-1.350478891005630067e-01
1.422548143957730327e-03
-6.955317643951756112e-01
-6.716604958103281064e-02
6.211725833310717260e-01
-3.779985213025088830e-01
2.555470821985929564e-01
3.769049866627809942e-01
3.658938839685646482e-01
2.478192824242637093e-01
6.583202495432172174e-02
-2.107206724253882335e+00
-6.510324144435379878e-01
-1.990344238132744636e-01
2.730361549288217171e-01
1.426535946053897330e-01
5.455352939324490391e-01
-1.299327790866939836e+00
1.158535203917995693e+00
-7.747184601703390738e-01
-9.607841954606681778e-01
2.509028739997525292e-01
2.483963582561523609e-01
2.669764222873791115e-01
3.547157587954733460e-01
5.298983910157555322e-01
-6.897853066676851164e-01
1.309833912976669179e+00
-1.447628215917294181e+00
1.758045417742819305e+00
-5.864637360982482006e-01
2.737541983339531471e-01
-9.047442038828412691e-01
2.793456591559441149e-01
7.361483208138490664e-01
-3.664478343684381967e-01
3.114177674837961263e-01
-8.771624599852967386e-01
-1.104539908702736106e+00
-1.351364974525622209e+00
7.850474987068389865e-01
-6.078581315434208321e-01
1.351200082822902881e-01
-7.329666927540945398e-01
4.994121123353675307e-01
6.120156787759536421e-01
1.586478708938953375e+00
-3.301058571686008025e-01
-4.408832457690153861e-01
-2.249344339250935743e-01
1.473587812318474799e-02
7.169885835629561388e-01
-5.094942946357360058e-02
-7.016824061789954659e-01
3.908739065642442556e-01
-7.211970981565938299e-01
1.965432334366405964e-01
2.757852751480311060e+00
8.004306750612502075e-01
1.083521321822109307e-01
-4.457384636813805923e-01
1.027221463101288368e+00
3.084192232200096140e-02
-8.935141718985052384e-01
-5.298337358292503074e-01
-6.779546751714384811e-01
6.681288734741044344e-01
-6.760779016299276467e-01
-1.338803092999133471e-01
1.072337073709191513e+00
5.028707659156192999e-01
-4.083289567055801150e-01
5.935237577712885182e-01
-1.209821233384950762e-01
-7.568394043057802278e-01
-3.598711881490692099e-01
-5.439854896610955004e-01
3.229161483065376426e-01
1.977886261771525100e-01
-8.244204391743675808e-01
6.465138247589543585e-01
8.077160652303918553e-01
-1.636115541708186960e+00
1.236542615229674902e-01
4.795984533103040959e-01
6.479714515026874233e-01
6.874667186596372659e-01
1.855950478446476704e-01
9.295456887241562161e-01
-6.140013986664630830e-01
1.589453057997261831e-01
2.679767330300708572e-01
-4.060323622061431936e-01
8.372529123238576787e-01
-5.116338576741413791e-01
6.108793137438862653e-01
5.330620104884202792e-01
3.879406156034071462e-01
1.459367215936269169e+00
-1.413246458332479971e-01
3.175768604140218054e-02
2.495079964807687123e-01
-3.292526024794014128e-01
-1.377482482430976152e+00
1.317806423377124170e-01
-7.947195957277096712e-01
3.341771908812317671e-01
-3.303570072433393290e-01
-7.088293577952421431e-01
-8.481264231325896796e-01
2.195167423296461029e-01
1.948699020852775743e-01
-1.570387014162808681e+00
1.494834462070366854e-01
-7.905612440748100989e-01
4.994484249740621662e-02
2.844652092973142671e-02
2.854421111238060194e-01
9.422180667989600300e-01
1.469098772814672604e-01
-8.108878557477878779e-01
-2.107929140658652833e-01
-4.585414346436622046e-01
-1.511697889094864689e+00
-4.269709995979403816e-01
-1.005329266843500158e-01
-1.834577819414977995e+00
1.013570068682540098e-01
-4.794701607494836759e-01
6.995675754089096809e-01
-4.797264165666907387e-01
4.808029508297686494e-01
4.735979492767378729e-01
6.832200559304427157e-02
1.970480595519878975e-01
