-2.125759632308053815e-01
-5.442402523915462753e-01
-2.438724386270518352e+00
-3.947499674854993978e-01
5.132947476830372890e-01
1.984480727730719707e-01
-3.452035705018747236e-01
-6.417540762914879515e-01
2.256357035389857657e-01
-8.853032440079594556e-01
5.903138418998735704e-01
-9.271845591591146296e-02
3.065135727328678339e-01
3.305944732125813967e-01
2.190435680061230683e-01
4.810034911609365471e-01
-2.898844507683150384e-01
-1.799839293181711986e+00
-3.023475541801810884e+00
-4.723750097237803813e-01
-1.520678213211542840e+00
-3.830029189835439940e-01
5.570053332148403591e-01
4.367852627878109351e-01
-1.280780317220086895e+00
-7.048404298112941335e-01
-4.375441014914229626e-02
1.091917712192548517e+00
-1.305933278829184974e-01
-7.116172404870780843e-01
-1.046505413585371524e+00
-6.423362875380290715e-01
3.838938415655507308e-01
2.944708748665167963e-01
1.527750517222709048e+00
1.510688540220373133e+00
2.544747373943884394e+00
8.263460764912468060e-01
-8.507707326090673261e-01
2.094020316573171225e+00
1.697890730824613004e-01
-2.399820967165528174e+00
7.470616515465828833e-01
1.173424195518812274e+00
-2.263260878635716900e+00
-4.901403189038837371e-02
-6.886658932189588800e-01
4.821785026144778663e-01
4.073502082628661647e-01
-7.247053589416120323e-01
2.677489600981122764e-01
-1.440150300038645526e+00
3.753677376372847041e-01
-3.644704698261339582e-01
1.271218346894558704e-01
-2.862022031677873279e-01
-1.199707172757745299e+00
4.969086912313704918e-01
1.048187292834922291e+00
1.061957930995752086e+00
-5.333802491668226953e-01
-3.479663606893726446e-01
6.193719684479452592e-03
5.707438937797588707e-01
3.175168133260424796e-01
-3.992125699997210453e-01
-2.150314404822842584e-01
2.350503709624939541e-01
-6.777452637686734449e-02
-7.462493713207229984e-01
8.417836290589768566e-01
2.804590014444822144e-01
-1.068196716179940164e+00
4.806253740550463921e-02
1.734439460711098002e-01
1.352208478823145654e+00
-1.186198526702661980e-02
-2.743521863709284525e-01
1.054485950973909070e+00
6.122165094504293803e-01
1.102196301057205119e+00
-1.861155095142240423e+00
2.453087496874608031e-01
6.565142573055897379e-02
-7.558438631352470960e-02
-1.315770290199930193e+00
-4.509832665489761361e-01
-4.671618660971466053e-01
-4.070983380629909776e-03
9.005629178740465202e-01
-4.536520640627509371e-01
-1.652017659776506067e-02
8.931139046808906912e-01
4.134005761948802982e-02
-1.763830951181544204e-01
3.435148753470880223e-01
-7.158651913284229673e-01
3.788770508344150856e-01
-5.487707090948868993e-01
-1.885372760769457701e+00
4.508124251367991442e-01
3.749650125640505705e-01
2.099936647751156293e+00
5.951843836798020870e-01
-2.156181115014691452e-01
-1.838670548172033126e+00
-8.804841022996465205e-02
-7.183916627793175413e-01
1.215885979023523911e+00
-7.678148126696984210e-01
-2.697789972610502574e+00
-1.155960817308783417e+00
1.287737809912667286e+00
5.708399711494870354e-01
-5.436914205787350685e-02
-1.102600482158018647e+00
-6.260263580725610177e-01
-1.018636284200512998e+00
-9.388066674721303739e-01
1.143327542299568400e-01
-1.452942652713615335e+00
1.566533435131270691e-01
-4.980679439117832175e-01
-9.312429944576442464e-01
1.564381843903494274e-01
2.997302216316025447e+00
2.414389363764895879e+00
-8.324703587961840290e-01
-8.653864723030968431e-01
7.728011867533166046e-02
7.026709242282677126e-01
-9.547703902275649357e-01
-1.188888460551703385e+00
3.900918462030411593e-02
5.691541701331030989e-01
-3.604774734238382350e-01
1.700164087897255483e+00
-1.100333234205697064e+00
-7.604828178509547287e-01
3.791618315023730368e-01
1.042748260161586726e+00
1.194672513618475040e+00
-4.837496990303318256e-01
-9.415806626574485527e-01
8.567224992340877199e-02
-2.273686353983833008e+00
-8.304316427978001292e-01
6.831938108634680873e-01
6.336088061677029870e-01
1.737770316829455319e-01
2.794646719907276644e+00
2.958772264544446418e-01
-1.076416627307387852e+00
1.112719589870635906e+00
2.344457850055059467e+00
2.334738607356184048e-01
-9.761237015075695522e-01
4.096280243818311018e-01
-5.730138889138245428e-01
-3.970424836968803328e-01
-6.218966753694310512e-01
2.988167369899557557e-01
8.884377474376057293e-01
9.131009206350065854e-01
3.634835006732264895e-02
-1.990108212101430407e+00
6.673794099007289704e-01
2.921646172015042175e-01
8.268742250097823598e-01
6.149470488130551749e-01
1.178249085105566696e+00
-1.598344986746982554e+00
-1.204633250594353555e+00
-8.263145357131948532e-02
4.151645601512442552e-01
1.221342041794128086e+00
2.512851263760679243e-01
1.631692239375484854e-01
-2.551562878334402651e+00
-3.199023717296846092e-01
6.618450178982753229e-01
-3.007746924226487595e-01
-7.403295236758563602e-01
9.456368372294843283e-01
-1.198965032258058283e+00
-2.519825719668048469e-01
4.342485333034801914e-02
4.185313711976159645e-01
-3.852076433341174444e-01
4.410937477007934593e-01
-2.656987087701756955e+00
1.700430885846074824e+00
5.372693520585134497e-01
4.258792283361328979e-01
-1.768765906687232159e-01
-5.941724479011991633e-01
7.563210012799695958e-01
-1.950012380428292058e+00
8.472344792341599540e-01
3.514740449443868875e-01
5.211204825476938307e-01
4.069046823778467159e-01
-6.052751094975596935e-01
4.872990065219277162e-02
-2.919257387612336219e-01
-9.401011207205803855e-01
-8.690826913796918518e-01
-5.049379589170734928e-01
7.683251983257047280e-02
-1.873134292894000907e-01
-7.841950554025910458e-01
-5.702793655769240466e-01
3.425103987863160615e-01
-6.365705547178992507e-01
2.386364122363129781e+00
-2.422155651579074864e-01
4.292596549691468644e-01
-1.095114040089054386e-01
5.450775702713198667e-01
4.399618138338693973e-01
-3.897199725699773687e+00
-5.698821852716821068e-01
-7.457638802860544480e-02
2.406778112050438623e-01
1.609898217236913065e-01
-2.806877441390247085e+00
-1.296596741927467988e+00
2.635951729956150791e-01
-9.760111441447978375e-01
7.320213155615656886e-02
-1.186198073832899214e+00
2.284752435180972263e+00
5.191576750375872518e-01
5.210893263930863606e-01
-3.641546548122155391e-01
2.520770979338740947e+00
1.098641173273302851e-01
-3.210421677928044226e-01
6.936133386329665917e-01
-4.553883049923423965e-01
1.673987671172144642e+00
1.863300013057842541e-01
3.434700136269536186e-01
3.259626680757642614e+00
3.893008276233209664e-01
2.787966579380563026e-01
-3.982358472410182371e-01
2.098650271834530956e-01
-5.359872062976683837e-02
-3.517419123113708634e-01
5.548331657199749856e-01
-2.286762447642546103e+00
-1.604100172473110320e+00
1.409073699908638608e-02
-1.088880128639494682e+00
-7.553774653296002617e-01
-8.285966821087391576e-01
1.760344956098736646e-01
4.061636535666227621e-01
6.839169039108919934e-01
6.150281897110257967e-01
-2.945645794326053335e-01
-1.909461077098681750e-02
-1.377840190699735068e-01
-8.019605107192574467e-01
