1.444938038989135975e+00
7.088630655517109622e-03
3.918533376472443236e-02
7.670454845698487789e-01
7.389549183151151723e-01
4.944676496507474095e-01
-5.641081169205608425e-01
4.062630330035825292e-03
7.494458649432019781e-01
2.804688053083124761e-03
-5.891176770943953311e-01
6.032054515030894210e-02
-1.695906954575900627e-01
-7.029502943999184073e-01
3.082683749775615989e-01
3.320173389479653125e-01
3.840537174437890222e-01
-6.328649796601770738e-01
6.636825197642525209e-01
-3.680690781132561207e-01
-1.629535719838464958e-01
-2.005481480706024389e+00
-7.789040304009408056e-01
3.040188932970130931e-01
-2.157762857184891914e+00
-6.049804431893301970e-02
-8.925509623739288356e-01
-2.504181811528308210e-01
1.750582702571201965e+00
-7.129891178972844745e-01
-4.350485418167130969e-01
8.010897627948325717e-01
1.058520774080801363e+00
3.675875558401306420e-02
-4.300974350249781031e-01
1.551246902664904226e-01
-1.281335665806964341e+00
1.104810362335128908e-02
-1.527331209452538752e-01
4.206602873976504897e-01
5.428850689720973732e-03
-1.789783244157803210e-01
5.992378986193114265e-01
-6.554266627418515734e-01
6.662757283569645805e-01
-6.912921729777278257e-01
-9.857362767838118156e-01
-4.188736075521200530e-01
-2.541636123120727397e-01
3.101151612347275988e-01
1.319164338052086993e+00
-3.685591207288179127e-01
-1.121836932112967589e-01
1.725253064282220028e-01
1.153735635846002694e+00
-4.179139151969385457e-01
-9.713393655113440328e-01
5.387880146261018188e-01
3.712062049459831092e-01
-1.416994950555671914e-02
-1.185239462410697442e+00
-3.771394921264311084e-01
-3.915295109443338584e-01
9.850622640925604107e-04
4.774960682342387075e-02
7.897917701331113038e-01
3.019537087060649716e-01
5.888779419813687799e-01
-6.722890037534742236e-01
-4.303493534857548708e-01
1.243908320299538905e+00
5.744458963780916250e-01
-1.054044750019848209e+00
-1.381028610177074956e-01
-8.973633126531722626e-01
3.307097140543126534e-01
5.412246564007370253e-01
2.452245870239261327e-01
6.081672317232470482e-01
-1.735671814349146969e+00
-1.349917305620410291e-01
-5.795058503051627730e-01
2.044211523657188112e-01
2.717461579473035710e-02
-2.747534628359892261e-01
-6.599611780898275715e-01
-8.284298810371686084e-02
-3.108959573215928085e-01
4.134256198796508186e-01
-9.698513031671576190e-01
1.182440950021941717e+00
1.553633274102046991e-01
-1.012440046343149602e-01
-5.338899602889625173e-01
-8.324175355129140863e-01
-2.162186666106770405e-01
9.611319973421904583e-01
-1.238169012053218054e+00
8.643325995494866021e-02
-7.784858248848719811e-04
-4.318782367256214783e-01
7.942780886623828085e-01
3.188726015522980739e-01
-2.137318879206220046e-01
-7.749321212646859136e-01
1.928342053663124334e-01
-8.296360007427336924e-01
-3.407863684889075317e-01
8.397616089123982608e-01
7.736330816279900491e-01
-1.827564902656758639e-01
-3.262079301277152621e-01
5.848854633664718472e-01
-2.152333537996951041e-01
4.800037620746499534e-01
-8.414521061775357413e-01
-1.331481170101022515e+00
3.502822227236057073e-01
1.106457669915824754e-01
6.365480034273700571e-01
1.469057354496745016e-01
-5.384290910984061984e-01
9.902314928648196790e-02
2.115188461825390220e-01
-3.380747821860533714e-02
2.700874831517305896e-01
1.682542891502792681e+00
1.616101446227789229e-01
-3.512145511116401830e-01
-4.752298825600697052e-01
-6.614756521035192183e-01
8.722242505061419404e-01
1.930490932187774872e-02
3.879855036634750898e-02
5.683571475695261555e-01
-1.602304519996784471e-01
1.530909457194632672e+00
1.160428198263038668e+00
3.087237268039301208e-01
-7.388434730285401431e-01
-1.559261436512559829e-01
-1.293560964461914820e+00
6.359392844122617738e-01
5.422753851621592291e-01
2.526045603858981248e-01
-2.356489252069114748e+00
1.954085281397619500e-01
8.631499705553874469e-01
-3.692968679102738849e-01
-2.920430148617023658e-01
3.512420977254588350e-01
-8.237512704138257869e-01
-3.531314869696351999e-01
-1.213508233376087819e+00
-1.230856763520634667e+00
6.446064479709308070e-01
-1.860906139021341610e-01
3.566945907731828291e-01
-2.323371769846953316e-01
2.034688606791610788e+00
-9.892239083981221870e-02
-5.191856585140526281e-01
3.922521215278599871e-01
3.545221159688228596e+00
2.521126694185760186e-01
5.267067203598081448e-01
9.899558367593636055e-02
2.691066457315253735e-01
-7.912937586770275589e-01
5.782642065875482490e-02
-1.308486421657120147e-01
9.968608490735517691e-01
-2.227818232129850085e-01
-1.202458258722402640e+00
2.069525838697572895e-01
-9.953646947434041659e-01
4.107620123386497846e-01
1.561695151543742444e-01
2.307609919732345194e-02
-6.523487674987965557e-01
-7.527476286411148854e-01
7.668935827305549680e-01
9.790819975271108921e-01
1.057391921062409840e-01
-1.168917675539627554e+00
1.563854406265652308e-01
-1.101092486291990635e+00
1.582315564911602301e+00
-5.258364435744768972e-01
2.881798070404507084e-01
-8.594824728986327766e-02
1.659961775976043774e-01
1.718171660390206343e-02
-1.236865502539194139e+00
1.107846504938740928e+00
-3.310233862754064504e-01
4.958926116210522483e-01
-8.380209148117480356e-02
5.385179381175212443e-01
-2.026576731596559100e-01
1.500973343231167823e-01
4.709155674818825132e-01
1.354577921824603320e-02
-1.849753536873447735e-01
8.190079455785174156e-01
-8.641822382473915987e-01
-1.436409551187358247e+00
1.164426815116440805e-01
-5.783873175307950865e-01
-3.542651118804399091e-01
-9.044690503435492968e-01
-3.648490906254701072e-01
2.427434467348571268e+00
1.274386670208517702e-01
-8.739875614564877049e-01
1.840146587023385183e-01
2.233123159961200865e-01
-6.910352794011778710e-02
5.146439715972284112e-01
1.142846824524168747e+00
3.633392362234872386e-01
2.311585634059391658e+00
6.326808079399277585e-01
-1.021740833870613763e+00
1.355029534076234832e+00
8.292244384527715229e-02
3.676685548620288180e-01
9.409468405674574765e-01
1.909574313007036950e-01
1.570068366676523608e+00
1.105745565247587617e-02
-1.476258018098278724e-01
-9.781707199664688712e-01
-1.369555694984153638e-01
1.917449734278689755e-01
1.260423085467171078e-01
1.919314500171172000e-01
-3.237536002083502007e-01
-3.402205389771681410e-01
6.485998640532367743e-01
1.276342441378675030e+00
-1.476622376712057427e+00
-1.105571370193871722e-01
3.364849751048581972e+00
-2.807346788123633585e-01
3.716882401635497324e-01
3.892811098852295704e-01
5.010761460471444689e-02
7.122224038653279798e-02
-5.658160346517264738e-01
-7.276812422371284894e-01
-4.963477704884451391e-01
2.241018098484913068e+00
5.307199022175962400e-01
3.490912621850268960e-01
9.928063391029141871e-02
1.890550391229442795e+00
6.058582699960959328e-01
-9.171766740620741418e-03
-5.201168437081193918e-01
-2.408780821580983333e-01
-2.944450801737296675e-01
2.951206680083791056e-01
-1.101965883375830707e-01
3.554475841805564418e-01
