-7.158024819029383812e-01
9.454859884529879244e-01
1.720062964105844028e+00
4.121686235802035081e-01
3.181358315941630877e-01
1.783745307429175919e-01
4.168782372036873851e-01
-6.684147795810525539e-01
-5.838034034600159128e-01
-1.307443420898770359e-01
8.454474900160018347e-01
5.351937783798667025e-01
-1.766298672834748285e+00
-5.604128054261556802e-01
-4.142741854710886851e-01
-5.882659847702259581e-01
-6.994235246185915855e-01
-3.701102311191086236e-01
8.618401883251178286e-02
-6.929298977485913724e-01
1.140449314084386767e+00
-8.118820701647799787e-01
-1.009487970175182020e-01
-3.977560149881202434e-01
7.108103142915783712e-02
1.519940827184808052e-01
1.676432340370641039e-01
-4.767543185524694138e-01
-3.427074060193106009e-01
2.018671459035912830e-01
6.484830280782938328e-01
-3.485212590348340522e-01
4.979394527903688999e-02
1.045478627184457110e-01
9.294577124244189914e-01
9.846880277250865676e-01
-3.486373607775808403e-01
6.137288266476422782e-01
-1.154517350041788015e+00
2.256932962450025615e-01
5.634211632103829359e-01
1.023087635912826920e+00
-5.029890655983625392e-01
1.893002552477001776e+00
8.988389252890433001e-01
2.306232691991084438e-01
3.161100830256380334e-01
1.450378028208605674e-02
-1.615160624909542486e+00
9.681857012797827344e-02
5.277315650398805014e-01
5.712308275423036985e-01
-4.004237981281765224e-01
5.928464810017610720e-01
6.127086870449108824e-01
4.364044973907903469e-01
9.003776681046560260e-01
-2.245387440245904198e+00
-9.389595589297619060e-01
-5.736289450074437690e-01
4.254909204611244666e-01
7.539828158819913417e-01
2.877961234391456305e-02
-4.668421482412036250e-01
-6.660024246439280940e-03
6.301475925994414196e-01
3.606039988954300446e-01
7.119428281142062276e-02
1.977207247603122608e+00
-1.437801793572651005e-02
1.108517024566111342e+00
5.817744901740110608e-01
-9.389527358484339725e-01
-4.762437009826480105e-01
-5.209629264777900781e-01
1.110476178965432270e+00
-3.351257618503324376e-01
-1.557401328970022591e+00
-8.306263083900902733e-02
8.077119390590832282e-01
4.665245023923856871e-01
7.484142564151513577e-01
-4.468891388848009738e-01
-6.304863707672087036e-02
-1.400583000886943541e-01
2.697603331235733926e-01
-1.697310682573893725e+00
4.206782765780509581e-01
7.990051839841243453e-01
3.122270569729039824e-01
-3.973020940766366360e-01
3.880397989843556994e-01
-4.857264647598807938e-01
-3.664808724916827631e-01
-3.182697397789251981e-01
-8.698704928674925174e-01
-1.347121199143682391e-01
-1.224940802278609020e+00
-8.828856429435388842e-01
-1.301894336331164970e-01
1.134855357552262189e+00
7.966584933526200951e-02
3.451129614708992044e-02
4.141452268946098636e-01
-2.488465449145588204e-02
1.059402712602525581e-01
2.153071690036202357e-01
-7.814399757365944610e-02
4.438406981387746364e-01
1.172887757833587452e+00
-1.915802026269133096e+00
6.292724495312651545e-01
-2.307517650574657520e-01
8.419031528194531599e-01
4.101294022850727333e-02
1.096167687204665286e+00
2.987711020823217156e-01
1.262351772312487186e-01
3.109790349083827454e-01
-8.424891173502739861e-01
3.489223605272753770e-01
7.816207604430361888e-01
-1.117238449718501725e-01
1.495230691791901156e-01
-4.114328928079620251e-01
-5.567997549918480837e-01
1.780394638800394114e-01
-1.363753424991934082e+00
-1.707084616223712714e-01
5.075611959592076783e-01
-3.734980439810691721e-01
-2.809617394238997923e-01
-6.677872039595428300e-02
6.744445799737396330e-01
5.787884467981051495e-01
5.069768828893697066e-01
-6.556001848968832924e-02
-1.535500072360391322e+00
1.523262162767678563e+00
7.205404485002182557e-01
5.074306265026874430e-01
-5.717265295707154582e-01
-1.582836568811157862e+00
2.521192188658260003e-01
-3.332285302777795999e-01
-3.464582678641509039e-01
1.286766275256943759e+00
-3.830266298927533786e-01
1.271844135949360632e+00
5.545804974003929466e-01
-2.248654510128098138e+00
-1.272822570223397509e-01
5.197325886874056833e-01
-1.594855802298683844e+00
2.967645432084593526e+00
6.421553940889713763e-01
-6.147124619742602158e-01
-1.171050967700657530e-01
-1.378065493494351701e+00
4.839913241915368425e-01
2.167974645041321480e-01
8.419866352287855293e-02
-7.097654433142873698e-01
2.234125890997820385e-01
6.426719648804347651e-01
2.331280541165344222e-01
-6.630033494813194483e-01
5.440929962402156761e-01
1.095849512686497107e+00
-4.158051636136385620e-01
-1.798858882757980449e-01
8.602039679954711637e-01
-1.449580888560467962e+00
3.387029784312570735e-01
-2.086998000889379590e+00
-1.614377920036945413e-02
-5.071056761789357603e-01
-7.637044857819621502e-01
6.302968076060450064e-01
4.568821307901774209e-01
3.650958336091297829e-01
-2.872087664359930237e-01
1.450734360288467306e-01
-1.292752497277433577e+00
4.246761068790108062e-01
2.719676640186435290e-01
1.586119320209436134e+00
4.949074880872760818e-01
6.267058362207443833e-01
1.613991939613261817e-01
-2.227778779900480358e-02
-4.678044846508427335e-01
3.658901434562143729e-02
1.328924477529981996e+00
2.858252295181963887e-01
5.890005390017455378e-01
-5.214030320881118952e-02
3.563811938385058609e-01
-6.002123368003476900e-01
-3.903118453826731615e-01
-6.881793531537205855e-01
8.531170764023751629e-03
8.622099980233577377e-02
-5.902983731257226419e-01
3.051957845511565903e-01
1.695737485016257207e+00
-7.416924524879013880e-01
2.419614880445490335e-01
7.282511579163283288e-01
3.780160874422345829e-01
-1.017536797891718914e+00
-7.506859445222822114e-01
1.580595897656117854e+00
-5.277035801479283694e-02
5.395415966404538688e-01
-2.173301224806480775e-02
2.187832769583544223e+00
1.989431848513954493e-01
1.544291991502355632e+00
-3.531999711334325998e-01
-2.178317998043313025e-02
-3.160108058722294055e-01
6.523067543728006124e-01
2.293382280805624340e+00
2.898870741955116292e-01
-1.122385886577446923e-02
-4.547802158855797638e-01
-2.520662400423337446e-01
-3.369440297402439555e-01
-6.517224233296096125e-01
5.026233005699065615e-01
8.919245499646671904e-02
-7.141379728333410726e-02
1.149865088936147473e+00
-1.092181544953134242e+00
-4.289197368814545164e-01
3.391873749716602382e-01
-2.073511963541594116e-01
-1.528593794629784064e+00
-4.273328663747605338e-01
-6.662045811424646136e-01
1.067614789756956423e-01
-7.107241629452814013e-01
8.206124801780609879e-01
-1.677654940455653443e-01
6.756437586569001841e-01
8.920590734184606907e-01
8.470432252981470178e-01
2.805267761949881145e+00
-1.571525030918423937e-01
4.503015503384178442e-01
9.587295274008858503e-02
-9.328799430033607454e-02
1.292529505399555800e+00
-4.790751489510602923e-02
-6.245865875859435423e-01
4.172687084643174615e-01
-3.778107029006611550e-01
1.400827040717991800e-01
1.244670147141186733e+00
9.269662648337105570e-02
-1.898857177975787902e+00
1.221608096303309632e-01
-1.271523459409923951e-01
1.088796109740362894e+00
