1.199304447517858918e+00
-1.369933016068960452e-01
4.305041876973962900e-01
4.687495778204800456e-01
-4.697006333704362713e-01
9.906128823197336564e-01
-4.863606518933508149e-02
-3.180949560025740919e-01
-1.531012324736795494e+00
-1.407567299527050231e-01
3.717699788664698413e-01
-9.092679440886406450e-01
1.434235251422432578e+00
1.567096238057832935e-01
-5.396209449321162088e-01
-5.294838103763828130e-01
-3.502467356067676639e-03
3.928608856871774746e-01
4.250173334973619266e-01
9.141756889751777582e-01
4.462047951012240721e-02
2.509729461300443942e-01
5.411643532031424897e-01
-5.015490027210102175e-01
-1.772796256887105182e+00
-1.404453608798657216e+00
1.450062059023480066e+00
2.126444072933130203e-01
-5.131185858201612326e-01
2.108774901344493413e-01
-7.286675547239480633e-01
-3.434533169006488973e-01
-1.257715926708681042e+00
7.241526932047257503e-01
3.796307464640976681e-01
3.229944413511913748e-01
-2.953542955601687892e-01
1.405134851373916360e+00
-9.137671367273456080e-02
8.356021342222899606e-02
-1.083844096486878739e+00
1.301003281094363473e+00
4.780221977910461550e-01
-4.309309823205368373e-01
9.831136425979131177e-01
-2.047225609407699043e-02
3.957768083944523951e-01
-7.429747393536736411e-01
1.519641025152011826e+00
8.133353642990647225e-01
-1.309586593923405817e-01
2.000861596552462596e-01
1.803742244812866158e+00
-3.379399795168092080e-01
-6.787092948376196588e-01
1.661410263898601247e+00
5.495323512367611407e-01
-1.407898919899291390e-01
1.103529872691426439e+00
1.221226176103053396e+00
1.102777720719769983e+00
-4.074013776897179584e-01
7.322218354064257140e-01
9.891404297566157577e-01
-6.818666032757212392e-01
7.223446808622835391e-01
-1.300102273101360284e+00
1.143769108604733242e+00
-5.023403135460328128e-01
-1.582941902358557140e+00
1.019626124299612274e-01
-1.730579365546194737e+00
-6.915708409213240371e-01
2.079375231832258031e+00
-1.506594387262183865e+00
-2.702886224019123151e-01
2.349365320733573181e+00
-4.523025548667487516e-01
2.009293031070720770e-01
-2.880886102765734536e-01
-1.833587143024374977e-01
1.767881523161638213e-01
-3.769504370011254046e-01
3.989164985803169694e-01
1.212253627822605484e+00
-2.652687360387045334e+00
-1.180980836048449945e+00
3.098928971283684830e-01
-5.570000694926916518e-01
-1.116494243893701444e-01
4.075949977729941831e-01
-1.783677738036002214e-01
1.325757589991268581e+00
-9.984547795706311124e-01
-7.886450981142431593e-02
-2.325231344219024887e+00
-6.385110863817392568e-01
-1.778404087607114437e-01
4.568822466578386088e-01
-1.127006736816576371e+00
-7.378776323622310285e-01
-2.031731538414484617e-01
8.302169178237778224e-01
5.446527248183832270e-01
-6.876534624350739699e-01
-1.706612276026266972e+00
-1.756288668673640641e-01
-3.004084865653813274e-01
4.832364590252137826e-01
-7.235435637518805585e-01
6.083623299107427940e-01
-1.777011972423521158e+00
3.030515357917171304e+00
1.791330272213123909e+00
1.534244359549310766e-01
8.691170518011115398e-01
1.707146951388614387e+00
-5.006706580533102358e-01
9.978354112366316642e-01
-6.372361155264232024e-02
7.113891324856567167e-01
4.629476506341077546e-01
-6.868411043204805111e-01
7.443005062371087222e-02
5.273655770861922498e-01
-2.533876183287119277e-01
-2.389453292362635761e-01
1.386806756862719869e-01
-4.382566558065435491e-01
-5.044246010892481369e-01
5.859156300559240638e-01
-1.908553198944476392e+00
-4.451368598657116649e-01
7.399016402693883165e-01
4.271381314197942314e-01
-3.788574203662850581e-01
2.639057301025867219e-01
8.691499654792524121e-02
1.804149776791592164e+00
6.428230967513142158e-01
5.024001473376000781e-01
3.375729392071254997e-01
-4.555350030856690768e-01
-2.033405611348905739e-01
-1.463401475553819164e+00
1.215208348947148798e+00
-8.476687028814149372e-01
-6.353628523330941136e-03
-5.918606440365428156e-01
-1.585482591160463528e+00
6.361381377799628645e-01
1.663387731742360875e+00
4.192054239800956372e-01
1.178034017843334169e+00
1.585513550142443329e+00
-3.131555320833221412e-01
1.768192022538989105e-01
-1.535130618249011883e-02
-1.787406751552817474e-01
-2.314617086647105526e-01
7.486552486937216866e-01
-1.999930181219424785e+00
-6.086848076533162288e-01
-4.228265910389402693e-01
5.717697865124411472e-01
-1.096018839831737895e-01
3.220986186894110870e-01
1.182038507604549871e+00
1.565969456018409534e-02
1.273611660377967914e+00
1.548407091975951611e+00
-5.916837728201019830e-01
-8.128643519359608494e-01
-1.777903662499964010e+00
5.215595942190720535e-01
-1.002761961057632156e-01
3.767497223184732014e-01
4.530981437186872296e-01
3.781607975781490216e-01
2.477217099683632073e-01
-9.696228109502236236e-02
-2.581545630422636961e+00
1.041741451214829306e+00
3.651384170087050296e-01
-9.507144690036261059e-01
-2.322126396992404140e-01
-1.453179768318130227e+00
-2.356034757135971880e-01
-1.246957742790543389e+00
1.630629489944479538e-02
4.535294541711070715e-01
4.989274293616399736e-01
-1.180255777504618520e-01
4.932105370824075852e-01
2.587602251669599340e+00
4.689942339096522805e-01
9.892363141003018834e-02
9.364722478369204017e-01
-1.019859247161306881e-01
-4.422278819845560927e-01
1.022251147790856241e+00
6.416854388521373576e-01
-8.670793713441891093e-01
1.658468445574685091e-01
2.339268913084036339e-01
5.876827929013150875e-01
6.664731051790150351e-01
2.267773965443612219e-02
-1.468682850586801258e+00
1.086608743517533671e-01
3.643133818469216911e-01
-1.714649218263450403e-01
2.595157436099778669e-01
-5.095337912526046731e-01
5.913314967154046364e-01
-1.042943836869088425e+00
-5.005262241092028885e-01
7.761143549718312329e-01
-1.160091380700166708e+00
1.792538656406421349e-01
1.181817477771091252e+00
2.452936675208922113e-01
3.129724965550556570e-01
-6.111217609048069654e-01
2.250446808023352785e-01
6.977538969283871850e-01
2.809664898011032808e-02
9.675977337173861936e-02
1.906173510389343129e+00
5.585351574830856869e-01
-1.257003861221577701e+00
1.136803698139520757e-01
4.326081192179645485e-01
-3.307746812824975402e-01
4.465650811380946217e-01
-6.593232935733555067e-01
1.916340190731520288e-01
-1.003942834665071115e-02
5.344976094926477961e-01
-1.239415282993896916e+00
-1.001739204529943361e-01
1.913756304233291128e-02
-1.808741006903764603e-01
1.489662733318967147e-01
-9.463553691193755668e-01
1.713317210650298961e+00
-3.787799791237435043e-01
3.561295340345706495e-01
-3.580216771215221638e-01
-6.904517859446074324e-02
-8.114050050725709617e-01
6.872542200973520421e-01
4.734554722969690488e-01
7.319871503277347591e-01
-3.938704397360606180e-01
-6.941124539177829789e-01
6.566323666604843012e-01
-2.054050696850179492e+00
9.891004562900990171e-01
3.744521985731050773e-01
-5.602090712314525267e-02
-2.351303267808053099e-01
-5.794390277929667432e-02
-5.113304517861404497e-01
1.157858404238638173e+00
