3.289288581881898432e-01
1.171077581970921822e-01
-9.351553096617950533e-01
-1.683753767370139265e+00
-1.422691159594876797e+00
-4.031360107029254847e-01
3.679493707580042683e-01
-5.699604906420823180e-01
-2.684869960176815562e-01
-3.022571996401092198e-01
1.021958550916040487e+00
1.335634990097918529e+00
1.127864467058211639e-01
-6.214856243082366172e-01
2.716367462404796207e-01
9.570986545529776013e-01
5.073718824744604117e-01
-1.833975417991648538e+00
7.149471004947054453e-01
-2.398909362244557864e-01
-7.005716092345614099e-01
3.026997462011042916e-01
-7.008001184231117675e-02
-2.365048136826386482e-01
1.439874207983688481e-01
-6.185885251481044733e-01
4.073047581438462017e-01
5.027610888548399437e-01
1.062087647970889615e+00
1.422840309617447119e+00
4.583023590292684135e-01
1.225811808117355239e-01
-1.046056336134569165e+00
1.854535799643407090e+00
1.071490317285666460e+00
2.417685544780035223e-01
4.281346185606215715e-01
-5.855416950055514214e-01
-4.660394283717427255e-01
1.749140138132602718e-01
-1.050760072742208617e+00
-2.570538824956016821e-01
1.000564351159303200e-01
-9.813891468212354585e-02
2.706700688271859723e-01
1.287109901665442369e+00
-7.386081175209253669e-01
-7.878247658613733717e-02
1.867746248440422530e-01
-7.124393246180258377e-01
-3.440693660437805779e-01
-1.124580519813344198e-01
-3.560792597960856787e-01
-1.260975593606972422e+00
1.984182060161093775e-01
-2.458973585952641372e+00
1.275200844349012597e+00
4.738473963185527715e-01
-4.387617818285360904e-01
-5.195603049457503397e-01
-7.755380345216777993e-02
9.852549897001323664e-01
2.896100350734098772e-02
-3.298331598339935833e-01
9.046406813488238052e-01
-1.419074660334832316e+00
2.819304372148683235e-01
5.563531825298445588e-01
6.092833965023217724e-01
-2.954036040689785314e-01
1.168120513229848056e-01
-3.707687569067567024e-01
-6.105761554053634743e-01
-5.277126642747711482e-01
-8.233772250560653649e-01
-3.172104258108553454e-01
4.056499569636742297e-01
3.021398426867694109e-01
-6.465610674503026178e-01
-5.832152328312997236e-01
-8.298092224673947470e-02
-9.207701345298354711e-01
3.635544069341236639e-01
-1.038048883297024161e-01
1.839238946179482248e-01
6.949521791955943772e-01
1.146120276137801097e+00
-2.182124892070547439e-01
-5.260096187097074161e-01
9.987502846179098503e-02
-8.625069753455106847e-01
-6.498587979477756793e-01
-1.119690202655639677e+00
7.178177378931133862e-03
-6.987645600732133033e-01
-9.238444700738397408e-01
-2.647055040155756322e-01
-5.421363581598964698e-02
3.159870767423187399e-01
9.052811837209777668e-01
-5.835467936820128987e-01
-1.187715874896552587e-01
-1.688439968042592110e-01
-9.434243965310890045e-02
-4.204146552438038920e-01
-9.902823224517734446e-02
4.303822413250796286e-01
4.749544583083391003e-01
1.036564831564238176e+00
2.794890015458388610e-02
1.411307785872767395e-01
-9.386686938815768100e-01
4.645915201636838798e-01
6.737318568674588448e-02
-5.403203261436129168e-01
5.778213182617992771e-01
1.970331589377212866e+00
1.675229879663670651e+00
-4.373631323797453341e-01
-2.757311220721919698e-01
-1.086267980986193926e+00
-6.939228599241108464e-01
2.980581446121342570e-01
-3.615460594967517816e-01
-9.242922220360378915e-01
2.852215366481308245e-01
1.112204601887879507e-01
-2.394678694307146027e-01
-2.358412745565080515e-02
-3.332277152645400364e-01
8.293844806997633379e-01
4.874036067182838106e-01
9.278844097908174327e-01
5.291174493807357937e-01
-5.745338321998250120e-01
-2.145359531731760860e-02
1.546912209103846192e-01
-5.340668541856159468e-01
3.930426302948493156e-01
-4.102780049567455456e-01
-1.440546973004031006e-02
-2.452175172742092180e+00
-1.779825342759733475e+00
5.687107883140357645e-01
-1.438597713141305801e-01
4.072454693561602945e-01
3.936031572042307525e-02
-4.287412132826000644e-01
-1.001293622129154626e-01
1.259354098355709439e-01
-1.762165793252139956e+00
-1.144801434263448964e-01
2.383845305680619975e-01
4.832056667601541955e-02
4.509288065247853972e-01
-6.910652456953320089e-02
2.032363828948802742e-01
1.119200512564118899e+00
-1.450604034373753348e-01
3.185506758386796311e-01
1.760194437828474512e-02
-5.479565018380011532e-01
-2.622224669366121086e-01
1.328253914763954935e-01
-2.857392111984246252e+00
3.328894579884583149e-01
1.072622359453354379e+00
-2.980712075699150643e-01
5.936054665913248485e-01
-2.625169008608168597e-01
-4.164909991338804351e-01
-7.789738369231371529e-01
6.127592905378496102e-01
1.205793243912090390e-01
5.054933847296640137e-02
-4.657767676671574764e-01
4.047935512684054937e-01
7.750366948448998983e-01
-8.223742271048261054e-01
7.738915605943916254e-02
6.251283882557583382e-01
-6.658678294086119998e-01
-2.730752642472757397e-01
-2.280847920493035696e-01
-2.360328123567694836e-01
-8.744793008873210649e-01
-2.209651812574939811e-01
-5.509400572072922775e-02
-1.617922203390101288e+00
2.843075345896157735e-01
-4.842095980462697291e-01
-1.177360839859727282e+00
-4.788300377008913311e-01
-3.443288502712049670e-02
-7.590552184431438310e-01
-7.038628646310978176e-01
3.523792374701859020e-01
-7.809866606024944424e-01
1.078622732415946833e-01
-2.151698039892143421e-01
2.296403586346730918e+00
-1.666757014486645927e+00
6.611257626859851078e-03
1.997465998654529784e+00
7.515986363177200591e-01
3.136203836790641963e-01
-5.375632080096631737e-01
-3.182407063413696946e-01
2.585828469435277888e-01
-2.452332085245486626e-01
-2.620182218009968089e+00
-8.169213832463722014e-01
-2.663387861549187940e-01
1.860105116239004097e+00
9.274313504933984209e-02
-3.840046231689983602e-01
3.568313385903914003e-01
1.417605622445269109e+00
1.096638429638701506e+00
3.743667901767414041e-01
3.713780812349691818e-01
-9.100370268488873204e-01
-3.471254879107042446e-01
-1.789538354112640839e-02
-9.829814981422649867e-01
7.707430408908865216e-01
-1.018549905611667861e-01
-2.081046547310105577e-01
8.888200554094213834e-03
8.880521470932231098e-01
6.729431669599578170e-02
4.028265420819948095e-01
5.299348816524139527e-02
-5.641212543844786875e-01
3.437868680312526348e-01
3.196175611307677800e-01
3.944104735295536068e-01
1.007521209715135146e+00
-1.639597433396891013e-01
3.243104143495220693e-01
1.318513973503878445e+00
-1.407471826116458047e+00
-4.398587501396433730e-02
-4.782925564597816370e-01
4.702021276078366951e-01
1.530978640617132180e-01
-2.768321140504504951e-01
-5.982014033788782825e-01
-9.495266587506905331e-01
-2.368801012956850416e-01
2.797600496696409089e-01
1.738839331574406399e+00
6.907707757202099508e-01
8.036379918909302145e-01
2.350382538238256491e-01
-2.369129508840144838e-01
-2.465341598410444035e-01
-4.519613681256947069e-01
2.538256097457743943e-01
1.074667072343053809e+00
-1.434418203339102416e+00
1.200116280582168571e+00
-5.746623616641454158e-01
7.580777222691004180e-01
1.062567787961343990e+00
