-1.420837375498642252e-01
7.960055999929600556e-01
1.088642169691734773e+00
-4.731599443686693718e-01
-1.047250362617287767e+00
-3.184236587072892810e-01
1.845829532360636627e-01
-3.291405366080019657e-01
4.555732446862376106e-01
1.934657092912757337e+00
-1.628960122492029150e-02
3.530854471628910862e-01
-4.588452456904770771e-02
1.650799277059600001e-01
5.679065489880672501e-01
-5.133240786907199427e-01
2.973629556937152918e-01
3.724356458685303406e-01
7.002601773719228095e-01
-6.465091166978287340e-02
-4.228640581962148648e-01
-4.229887104225921179e-01
2.160404253448152012e+00
-6.469199395243568906e-01
2.788578252217640552e-01
-8.138540282675392479e-02
5.563447171648181477e-01
-3.035353322936353848e-01
1.945576080405904129e-01
4.362065766596897598e-01
-9.478801543680085429e-01
-3.436131695885731308e-01
-5.573475304464755586e-01
1.205262367022094522e-01
4.611988235799985292e-02
-3.221222697226877041e-01
-7.646134439099491753e-02
-4.064211805136288547e-01
2.638449546179715277e-01
1.401689595504213570e-01
-8.813553108666929981e-02
-1.711445139932131210e-01
2.970255903376993467e-02
-1.807939681506651297e+00
-1.825367241813649288e+00
-2.147996331553017946e+00
2.316637535006636772e-02
-2.900017170144296719e-01
-6.825160403588532709e-01
2.622682847119603977e-01
8.074119678300281655e-02
1.838160342932150249e-01
1.662601303106329587e+00
7.502271687563120128e-01
1.484067089957321062e-01
3.705922924889413217e-01
-7.825963185516426890e-03
-1.259671992409006069e+00
2.100443206566406484e+00
-4.750176368325246257e-01
3.314488664296344478e-01
-7.394454344686436364e-01
6.512608577746572536e-01
2.977492288330663706e-01
-4.748462067685464416e-01
-1.484292013102950780e-01
7.650221545088406461e-02
-2.221038236602183857e-01
2.849341942559966423e-01
7.483925809689553343e-01
-5.817726238133004157e-01
6.297965060951193905e-02
1.211171085263015590e-01
-7.572712975612769792e-01
-3.679141070854341500e-01
-3.942100377338056960e-01
-5.489845887017205106e-01
-1.953070317533998734e+00
1.218420421949691912e+00
1.349480407111566249e-01
1.544549795247889545e-01
-7.171096259391498418e-01
-2.179210341800857098e-01
-4.521621180058403855e-01
5.736930841622441823e-01
-2.060585315427403141e-02
-6.009957649712027727e-01
-2.166227068153651347e-01
5.575019706362277505e-01
4.022091959886775481e-01
4.904839314858846500e-01
-5.808871243447077948e-01
-4.974996989992330754e-01
-4.602847584173487272e-01
-4.283541993196181563e-01
-1.434287249799861108e+00
1.226491703141603662e-02
-7.999390399828163467e-01
-4.659055717018853460e-01
-5.416441878394340215e-02
-1.647023288951687370e+00
-1.266258832821989477e+00
-1.066897702758118349e-01
5.495509811559298186e-01
8.881891496430928401e-02
-1.155544300876415464e-02
-7.958034768094561784e-01
3.217874531112247527e-01
1.277784473136256149e-01
-2.748561650467368778e-01
3.288723134476556065e-01
-1.080628133400236557e-01
7.833569883067585948e-01
1.839020598162796061e-01
-5.189174615563885151e-01
-6.031328046071985360e-01
1.055165342745569140e-01
1.636887106289904414e+00
5.123571637033542681e-01
1.166875161805375205e-02
-3.336862575204682102e-01
8.187751214179472825e-02
1.225246313796432673e+00
2.574997435880891361e-01
-1.529976325519834424e+00
-4.232146999766986939e-01
-1.415015795322639158e-01
-7.979041172195989740e-01
2.443197925553235450e-01
2.287971810586129917e-01
9.395170052642306535e-01
-5.282756861108945934e-01
1.159826698061757755e-01
3.561702363637994639e-01
-8.230236312974824608e-01
-1.667409034173922278e-02
-9.172925047764940443e-02
2.125316049493887471e-01
4.166581019210404691e-01
3.441882027601372296e-01
-7.993428742427099998e-02
-5.681447645763679777e-01
-2.407078882807771603e-01
-5.971436261575844284e-01
-7.457675572643635009e-01
6.688216077580981800e-01
-5.267973082379437955e-01
5.410010661135438159e-01
-1.713278951696625363e+00
6.035963317033266051e-03
2.250362396857864544e-01
9.837573508570893743e-01
-2.110327802968944566e-01
6.619800749059859823e-01
-1.089424722767680376e-01
-2.500347504112037655e-01
9.633084877426688342e-02
-1.341644358993543673e-01
-1.075590305727303214e-01
5.532184375938276055e-01
-1.700574032223888810e-01
-3.030124909913672893e-01
2.750203461738583988e-01
2.670586104978679431e-01
3.866242147610569613e-01
-1.503917998630818209e-01
5.195252308074045366e-01
9.120881159928790893e-01
3.408860119484854456e-01
-5.560567653854355807e-01
3.166357146217144147e-01
-7.954677676287563726e-02
-5.655233964909495148e-01
-1.521193095766410153e+00
8.807258781757529298e-02
-4.357613685371577450e-01
6.641019950036355368e-01
1.416069154564307819e-01
9.524443092696399660e-03
9.130723097352222428e-01
4.726293939917907139e-01
2.793576202212262327e-01
2.513867112144473337e-01
2.199484730234391727e-01
1.930271144482860191e-01
-7.675955510617253896e-01
-3.441067604478192932e-01
-2.941411952241880789e-01
-5.641204569848567996e-01
-1.720705418530466824e-01
-1.208876298714089748e+00
6.859175271695632237e-01
6.393452091779281421e-01
-5.032427000694963404e-01
-1.063425809007949030e-01
-2.778315165709271950e-01
2.388445632721699075e-01
1.282272270174932005e-01
-7.283017457576813902e-02
-5.297942103903269251e-02
1.101176722669301444e+00
6.516220400380763333e-01
-4.990431732725717495e-01
-2.873813039072635744e-01
-2.531956755379984880e-01
-7.085769511853368119e-01
7.525127686364221358e-01
3.712384646884102635e-01
-1.044462267749072387e-01
4.769370492424374608e-01
-5.309820989716027007e-02
1.446469635235998252e+00
4.789882328441740222e-01
4.329252403055829923e-01
1.190330463958660934e+00
-1.477158630520108984e-01
6.949965573351790660e-02
-9.236396409035772803e-02
4.060142168729686252e-01
9.085842273366009358e-01
5.446357635126756191e-01
-2.098251119216173466e-01
2.569335326314608481e-01
1.372211149396603158e+00
2.840106969771496459e-01
-5.818284572867896687e-01
-8.675908723122456312e-01
-1.788567416532205745e-01
-1.495174504875665944e-01
-4.180037290882904766e-01
1.228130190712191094e+00
-4.519932426830077232e-01
7.027800497669136615e-01
2.886808745487313699e-01
6.841189108552059306e-01
7.745492982284375438e-01
-1.088809586276842517e-01
-8.404677297233614786e-02
-1.249816732081662218e+00
-8.556850215831704465e-02
2.750357050202831832e-01
-2.983014403221899702e-01
-7.793269948366652322e-01
4.699806326026516601e-01
-2.049694952057940500e-01
1.570461127007776736e-01
5.242757583383398368e-01
-1.301847275768130419e-01
-6.837722126194150096e-01
4.804128083061652843e-01
-6.652264526691048507e-01
2.719561860920475249e-01
2.224787426332308915e-01
-5.035347493187625201e-03
1.103585518434431867e+00
5.067343955612595430e-01
-2.074843193003927111e-01
5.948538264719253066e-01
2.583590409848818270e-03
2.418765786601311807e-01
-6.954979136259868966e-01
7.148656495579883696e-01
2.073093381813734537e-01
4.024533749453554909e-01
4.361763442800569157e-01
