-9.739832499660784348e-01
6.832402505882534394e-01
1.932139754529570430e-01
3.172228577308194852e-01
6.488247620178017039e-01
3.204642235382824944e-03
2.574902011369235855e-02
-1.534462229008246359e+00
8.258522902854507075e-01
-2.176089032660991907e-01
2.512313592541006724e-01
-4.772106177284652917e-01
5.861215627603847539e-02
-9.644432102112048266e-01
5.204216295627178690e-01
3.047129856603773668e+00
6.677759960153901719e-01
-1.888572525434382587e+00
-5.698954390639227041e-01
-5.948967645092417822e-01
-8.634992422376697174e-01
2.867430234440471182e-02
1.601579941238612803e-01
-6.891547917479873275e-01
7.704676172936257839e-01
1.014799952254983095e+00
1.688993962519454439e-01
-1.708762219069234756e-01
1.009588769393202634e-01
-5.653089441061687204e-01
-9.921752236319395513e-01
-3.947638636562597059e-01
-1.720194040984060369e+00
-6.663685572737559903e-01
3.414117653503041527e-01
4.358327276039087872e-01
1.350030440940624299e+00
-9.220168600652831059e-02
8.025850923820824212e-01
-2.166320460401331971e+00
4.877470382432611551e-01
4.515917844039261664e-01
7.243744149989768122e-01
-1.133377041496502757e-01
1.809872165802305921e-01
-2.677332520005423211e-01
4.621393792074073026e-02
-1.142761139829673728e-01
-7.647762698930947733e-01
-1.038615912372929273e+00
-9.969351727291830834e-01
-9.948930071264758812e-01
2.730267160728262477e-01
-1.175219840598327042e-01
-3.090195151580832911e-01
-6.097790437121350937e-01
-3.257848185625164539e-02
1.012975666700459687e-01
6.388630422710603884e-01
-2.083457888289147242e+00
-1.444665078998922825e+00
-9.380518415753547057e-02
1.856349017431044857e+00
-2.524183924385176025e-01
-1.693158865101775934e-01
1.869594622694035646e+00
3.028472864928588582e-01
1.195099341678510368e-01
-9.331575646042706840e-01
8.031847692175769771e-01
-8.153093999217368992e-01
-1.667570943515356563e-01
5.548695865616687373e-02
-9.443190010513693999e-02
-7.134319755306657296e-01
-5.676861158154328235e-01
3.139431423143624472e-02
-1.548536223938108414e-01
-1.621696675435942425e-01
-1.717308223343269269e+00
1.358923543728546068e+00
-6.575934147423214693e-01
1.948194389410644156e+00
-2.629338698834725596e-01
-5.411620534081228451e-01
-8.199161732992149565e-01
-3.012392400819700722e+00
-5.832193330702881706e-01
2.691666635054414058e+00
-1.141494425776616417e+00
-2.253729891650954609e-01
-1.632780951694086102e+00
-1.266893623900272048e-01
-6.723017843685472061e-02
7.246247114506525477e-01
-3.308383342223743528e-01
-6.785668710891835653e-01
-4.107786978031165992e-01
-9.245787973864172393e-01
-4.608085351345319602e-01
-3.910945819699329085e-01
4.644535493827741668e-01
2.299059682220956913e-01
3.122649192755929115e-01
3.616918035121712838e-01
2.093741983526813399e+00
-6.236970987805927624e-01
1.761954707736570758e-01
1.098418751195885390e-01
-2.411713390929851875e-01
3.746786488484909472e-01
6.130896299942908967e-02
7.078933947827921180e-01
-3.049555398058061972e-01
7.782657119964468961e-01
-1.470375747477093431e-01
-8.453087846727898036e-01
-1.492454373200375439e+00
6.012033961121230341e-01
-3.370601247487308716e-01
-1.887291444052233147e-01
5.144740236836514713e-01
-5.239737792576859565e-01
3.049550653389833665e-01
-7.242288633891480476e-02
1.892787707428436605e-01
7.349845203919640191e-02
1.561043692193842203e+00
5.411610724056736821e-01
-8.355431792693790438e-02
8.582039335196851582e-01
3.019954305656743498e-01
2.118535748158430487e-01
8.196221339585652021e-01
1.255691840760155165e+00
-4.893547235745348556e-01
4.990652235581647944e-01
-3.882836060256978361e-01
-6.211009920722589950e-01
-1.949415134581198583e-01
-1.555138604779938705e-01
-1.990630748159949670e+00
1.314668474642897600e+00
9.049288888893239902e-01
5.984698699555911494e-01
-7.859998238385810243e-01
9.514376500730692410e-01
7.068924200486007003e-02
-6.057186279287671837e-01
5.728619202618062678e-02
1.724155490065025553e+00
5.484572623304985184e-01
4.511721713708385373e-01
-3.946829489949094105e-01
5.171118117160068417e-01
8.016201848051058843e-01
1.145289974621880758e+00
2.263649037526533458e+00
1.802903741352112732e+00
2.276321697424296353e+00
-5.701489907068808538e-01
-4.464408532902325866e-01
8.769292091453630977e-01
-5.649842001183068979e-02
1.706787781881761723e-01
5.915329598318364024e-01
-1.463083136334774048e-01
-3.668844667445104318e-02
1.010725922388635428e-02
1.259025248802036590e+00
3.479513063750944157e-01
-1.383329972665465979e+00
-4.680632293554642942e-01
2.829937625686783642e-01
2.438750447333765115e-02
-1.634399118610397883e-01
2.588215451587103200e+00
-3.502650447858128846e-01
2.748297157691020898e-01
-1.879089155064621375e+00
-7.782351293288619631e-01
-5.022579041785947274e-01
5.580789505243136661e-01
-7.260807636343323823e-01
7.959555562052295086e-01
3.299219583760659158e-01
1.790789363104011989e-01
-9.555437373882089691e-01
-1.458366180747303065e-01
-5.084806450367769237e-01
3.142145134971111725e-02
2.122734331238114724e-01
3.581902947709013629e-01
-3.748859300782977133e+00
-5.038381644401140891e-01
-5.557719902678213142e-01
9.871566690401367694e-01
-3.561520004561245789e-02
4.394874347213413301e-01
4.428947341263902437e-01
7.998061093812666167e-01
1.266617877182223406e+00
-4.719593943801461133e-01
-1.753116959711781830e-01
3.488696847695330061e-03
-2.797767306369290385e-01
-4.991219456412650524e-01
-7.644913557870607335e-01
-1.411802570043115157e+00
-2.072307502296755644e+00
2.214394031592622269e+00
2.242587121925833760e+00
5.838307757418275123e-01
8.336928507880171368e-01
5.103065105904007470e-02
-7.493291983457892602e-01
-2.975480388964021339e-01
5.211834414032122664e-01
4.153155879004652995e-01
-1.017106828152438913e+00
3.909135425359880900e-01
4.200483548320138039e-01
1.219607113013119193e+00
-2.392653588348855997e+00
-1.897975550047091287e-01
-4.970070706437904606e-01
5.260132433999042956e-02
4.754880313911702405e-01
-6.765563525867120953e-01
1.400738256063716325e-01
-5.623302773619525130e-01
7.232848537845468773e-01
7.246037249968584337e-03
1.184746814006223392e+00
-9.816044922547198515e-02
-1.803397003331910775e-01
-6.623584926025151143e-01
-6.703888332801191119e-01
2.127304852036223437e+00
1.418113660167772405e+00
-2.579263061485252695e-02
-4.446035343073089230e-01
2.147119847779245916e+00
-3.076345717629231369e-01
4.618983474671241041e-01
-1.005295724758647813e+00
6.300202103508164564e-01
5.625415778235745012e-01
1.366671905092423644e-01
-2.502659262473954094e-01
4.510827451134442612e-01
3.493903918027748134e-01
3.414510787619828153e-02
2.729274123874495528e-01
4.404063629844559014e-01
-6.406778402934034666e-01
2.406806797261702435e-01
-1.782483281314606094e+00
4.776243247467214514e-01
3.781440388727501656e-01
-1.883616513212216514e-01
6.581205160917630304e-01
-1.560516016236900283e-01
6.164867376758834117e-02
-2.607359450571825610e-01
