1.456953111702651071e+00
6.886737081979339425e-01
1.505378287711381269e+00
8.343758479434137953e-01
-2.192772477431718658e-01
6.010883532674828889e-01
1.111282402328408025e+00
6.150740766046109975e-01
-5.835262448932583279e-01
-1.142533086800706782e-01
1.983199391118993793e-01
5.635835503237940358e-01
-1.385276485978141903e-01
-2.453495318529813063e-01
-4.257502916805806087e-02
-1.372612542705582417e-01
3.665497150942827465e-01
-4.246091202009955601e-01
2.706212038944184606e-01
1.143929141773402103e+00
3.587578476624988522e-01
-4.599157277985118503e-02
5.101681425267837744e-01
9.119606043852511723e-01
-3.533756889160648562e-01
3.698008672511073902e-01
-4.780203811533043634e-01
-2.933838454439960941e-01
-5.630277854592307119e-01
-7.793879977233278411e-02
-2.310966747628627194e-01
9.441502509125367926e-01
3.457469951757212723e-01
6.819654443080468142e-02
-2.879613505246292338e-01
5.925752470625216262e-01
-1.788281731210424330e-01
3.930807161770411007e-02
4.386145622340978378e-01
-6.628822924885396928e-01
1.687786835610172176e-01
-2.805446347937051721e-01
-2.740030572959434307e-03
5.611382271732451299e-02
-1.522281640470115882e-01
-9.156734615688374435e-01
-4.811205327278750832e-01
5.289814897808352984e-02
9.757432911322572178e-01
5.447784505908472852e-01
6.215097508285811756e-01
1.416610756239496727e+00
6.611116831141313765e-01
-9.534976403052691785e-02
-3.334362043961484279e+00
-8.967112250500119952e-02
-1.578980125678666635e+00
-1.471579684180681857e+00
7.419642792061664771e-01
1.192100643260862736e-02
2.032783735094672473e+00
5.319046254073370728e-01
-5.380788345155835817e-01
4.589449232130453638e-01
-1.416504946627027972e-01
-6.068015743829107134e-01
7.295571550428134322e-02
-5.165593163498313212e-01
-3.324991419503759427e-01
2.057753135654474708e+00
5.727936596128061497e-01
-4.106800980113103350e-01
-1.184936636449339442e+00
2.188514953297739485e+00
-1.009305154475163002e+00
-9.225364316566757594e-01
3.485078424915609152e-01
-5.372718442411803519e-01
5.765059478913951985e-01
-8.131136180892206688e-02
-1.216647403275205708e+00
-1.447673940159688533e+00
-4.672930380478298451e-01
2.857095925043933726e-01
3.241705658486999930e-02
-3.459420489620353978e-01
2.373208565897843847e-01
8.137011737250474108e-02
-7.053220495726881811e-01
-4.565272742523420746e-01
5.237549154845309862e-02
9.270951517513090767e-01
-2.856756505899868404e-01
1.160051250484417817e+00
-2.368597105545872938e-01
-3.431368017994396724e-01
1.116630874649423788e+00
5.928910315189199753e-01
1.651409435213764543e-01
-9.798534513682450875e-01
-1.122495227103903925e+00
-1.658257190281025473e+00
6.202953808936122471e-01
3.153357776657598754e-01
1.302963541821876792e+00
3.965206454484530019e-01
-2.028919441307130145e-01
1.408066450738271413e+00
2.801596852160236573e+00
-5.045321770481638879e-01
4.252059722063795677e-01
3.460342373720574072e-01
6.339748773754749767e-01
-6.842321517944415232e-01
7.391702318022531637e-01
2.124583882718305283e-01
-6.822953845008435277e-03
-1.204869839140073395e+00
1.251230077872623747e-01
3.459212944355620212e-01
6.682344197266325558e-01
-6.707979498244383276e-02
2.321054947499236465e-01
-1.042027823569875888e+00
-1.489009521247225964e-01
1.633638817076971561e+00
-3.181748828560493347e-01
3.778305977823284145e-01
-7.505519169148660019e-01
4.820535439302770508e-01
7.025814930719426199e-01
-3.322115907769236653e-02
-6.663465435939174286e-01
3.732218015771505693e-01
1.116079577423262137e+00
1.368697375709863273e+00
1.220936682007383034e-01
9.009171063048839745e-01
7.666808999608722974e-01
5.627774425696486782e-01
1.252012053812238124e+00
-8.571376918594744154e-01
-4.886474646868403382e-01
6.001929984256453299e-01
-1.439299458047598845e+00
1.252729909551245635e-01
7.131323241889847564e-01
2.439836835213957666e-01
-2.013595881715383173e-01
1.762977518509585284e-01
8.020778742455211274e-01
-3.937749512810247432e-01
-7.525062693853024065e-01
-5.232275840740432254e-02
-7.911195406715725298e-01
-8.139572399657695190e-01
-1.341891700723239156e+00
5.682360671233293026e-01
-1.885862221041433306e-01
-1.485048880828922391e+00
8.542770170170892463e-01
2.644876549612953376e+00
-6.407583039770339273e-01
9.718075820851198587e-01
-4.035202113624445364e-01
-2.380631026043276699e-01
3.026546872523707549e-03
1.821837490376550184e+00
-1.760755077261394741e-01
2.751179697706497285e-01
-3.369742322624923181e-02
-3.080254013454303275e-02
2.752363434274804899e-01
1.698644054200521836e-01
4.133363849777800247e-01
-3.954853733149579775e-02
5.236101312853562728e-01
-2.824278490636347172e-01
-4.440976611012189545e-01
-1.989092250389650485e-01
1.150156389966073167e+00
-2.296801240297903779e-01
8.726388120497341472e-02
4.430461728217720552e-01
-3.611473829909316313e-01
8.566192784976645047e-01
3.410919541985647507e-01
4.797469130656326630e-01
-7.139902663765909097e-01
-1.160787965187352722e+00
-1.125182360368691126e-01
1.902729754319564481e+00
-3.399254874028532769e-01
-1.608938362672937827e-01
2.098134376434852011e-01
-1.355011082713353243e+00
-1.211652255043373483e+00
-3.519186560632482641e-02
6.195293261110299543e-01
7.029156399802896082e-01
2.583645836734355106e-01
-2.901904837096589418e-01
-7.595133267907665520e-01
-9.313731571745635929e-01
-1.996796846582130081e-01
-8.928816603799274998e-02
6.630042646020105623e-01
-6.598448055322202466e-01
2.219496051058715835e-01
-6.963688331390797612e-03
-3.717943625449032785e-02
2.210894478269336827e-01
1.045392027067150398e+00
1.761256041645119064e+00
5.281679236794823984e-01
-4.464634538546772835e-01
4.774204812317053293e-01
3.099924824253228461e-01
-6.711914853374675305e-01
-4.469349522763518268e-01
6.130236085858634665e-01
3.999418704925953860e-01
-5.339357045472965524e-01
-1.359468014828218996e-02
-6.478641494941835832e-01
-8.157240670978546104e-01
5.359682184598355548e-01
-1.654341606905198159e+00
6.471436355646353888e-01
4.929943587781094871e-01
-5.426646344090334528e-01
2.374806315023365033e-01
1.334031877872611682e+00
-1.335433186385527993e+00
8.687466796488438892e-01
6.047735859636527156e-02
-1.481795093766439739e-02
-2.000886623979362788e+00
-4.584439243464752400e-01
-6.666286593927441828e-01
6.838997481894670827e-01
7.597403977191335978e-01
1.745585253374549728e-01
-7.931358554198923994e-01
-3.267756260004220370e-01
-4.870398386074114017e-01
-1.340188676822680280e+00
-2.142307088924352287e-01
5.040099234803037120e-01
4.268183725447904919e-01
6.932514657691810633e-01
-1.955005068126705936e+00
-7.723133988945474204e-02
8.339365934623571563e-01
-2.002422089794112653e-02
-5.521221434117490334e-01
4.167373042461649524e-01
8.274842057836131470e-01
1.283909284974294740e-01
-2.308808832446974935e-02
-1.530395919719291564e+00
-9.759772369765865041e-02
-6.334476248669420606e-01
6.805648070850853770e-01
7.364624616884786201e-01
