-3.097733765091846281e-01
-8.732235720227716769e-01
-3.562677673334419537e-01
-2.279567041593528298e+00
-7.595769490590335016e-01
7.179227112333866900e-01
-1.831347110780957854e-01
-1.852368112639058317e+00
-3.508947890314304541e-01
6.384685252110626763e-01
3.184911374123725603e-01
-6.423366013195058732e-02
2.746596914439957682e-01
8.654697038156566880e-01
-4.247994358143538651e-01
-8.624255844010377814e-01
-5.771888960082507403e-01
-6.107054747864752997e-01
-5.680628067636456224e-02
5.493776079075762819e-01
-3.568088497724852814e-01
2.225230334081302885e-01
-8.923058168286466252e-01
6.517608082550017112e-01
-6.679324136918484145e-01
-2.899201718063496025e-01
1.033348954181094459e-01
-8.482218328243167349e-01
-8.426498025727330310e-01
1.153036370695005863e-01
5.710682291596384796e-02
-4.208039705377565332e-01
-8.717738077335255298e-01
-1.047367456364403759e+00
3.027707342838305005e-01
3.504387133851696312e-01
5.367227080771610481e-01
-1.163855357866573348e-01
5.668108436713436005e-01
-3.176365843053142735e-01
3.430046057599499265e-02
1.557742169288348633e-01
-4.736833715721924243e-01
2.779741536198938046e-01
-3.662898413502615469e-01
5.492612683086500747e-01
5.193844617840033262e-01
5.877797311889381149e-01
-6.733408061403203249e-01
-9.360220523660760517e-01
7.362935392561632542e-01
3.727342501243752215e-01
9.709269978061871309e-02
-8.392464023136850804e-01
3.273637536787591396e-01
-7.109045435100815880e-01
-1.103723357835885155e-01
-3.166299160252706857e-01
7.732830687434639749e-01
-6.758159087286833566e-01
2.258304864592559080e-01
4.556217197879369740e-01
-8.696282057115083397e-01
-2.705922629485834285e+00
-6.780226006215580581e-01
5.621481096877607719e-03
2.329612700861883878e-01
-6.029347526876847052e-01
-4.050869591718252449e-01
4.122972245435558847e-01
2.482797252612155281e-01
5.404525220917214545e-01
6.874063482668407721e-01
-5.630828525153362962e-01
4.228474584124317648e-01
6.148299217557570140e-01
5.794605346928134448e-01
9.093564334540928940e-01
4.484654802790430383e-01
-5.208708315039733971e-01
1.352412466854021611e+00
7.905804588008706890e-01
-5.415325605467000702e-01
5.345530428739825313e-01
3.566604946048647085e-01
-1.180891484775492689e-01
-6.128056440727021048e-01
-6.259210449681108512e-01
4.679061476539972397e-01
1.934796010887212425e+00
-1.943089886919607823e-01
-1.922164335782210881e-02
-9.676358862257136706e-03
3.489988292842995388e-01
3.145233222665312911e-01
7.411815178861107523e-01
6.624823890401884130e-01
5.862941873741136511e-01
5.121033652442221751e-01
3.682048163050272716e-01
8.260733891902977133e-01
1.320633318951976998e-01
-1.633834657410681568e-01
-2.377495072842381041e-01
-3.926717021023590770e-01
1.819991754708449871e-02
-7.890889346172065277e-01
5.345008289925433642e-01
-3.757363805917531829e-01
-7.264345893356031203e-01
-6.107936802221447525e-01
-3.390450851260931597e-01
1.474651033366013719e-01
1.962117238672773240e-02
-5.360830599732006041e-01
1.377942364607762205e+00
8.384420167721705619e-01
9.484368171726895169e-02
-7.306002378154508037e-01
8.439265797673820568e-01
-4.907071158372437458e-01
-9.670829377181248132e-01
6.683475171173263174e-01
2.446026997574701767e-01
-8.954828573276916170e-01
1.726558003195998170e-01
-8.286692578504567530e-01
1.471753567159527654e+00
-5.382243601218810181e-01
5.968492449849948089e-01
4.965284437402689433e-01
1.915798926040393479e-02
-5.671469624667794251e-01
-8.450252396740676186e-01
-6.923449491200737160e-01
-7.285588528580146939e-01
-9.069585188878519499e-01
-8.054839153507512561e-01
-8.280133283415983536e-01
-4.905965787365426101e-01
1.252907182543649522e+00
8.786969737533768532e-01
2.998047436713713321e-01
2.434280863768374936e-01
2.977254062569444359e-01
6.423119661146019510e-01
1.067596527160587921e-01
5.801297971253637220e-01
7.512614393558166848e-01
9.254163295870628803e-01
-9.005510047175393495e-01
6.135259560044181715e-01
1.000183043228297874e+00
-1.070220714770094284e-01
6.378801722510136774e-01
-4.379542572615588436e-01
-4.508218617409853746e-01
8.084330874985544424e-02
-7.048529978144089103e-01
9.291768232522445992e-02
-8.247674975928814822e-01
-1.684343106130028023e+00
6.701795879168213066e-01
4.610768089259967284e-01
-1.481954998401626422e-01
2.872159155746668580e-01
3.923317806866353230e-01
6.572137753404896365e-01
-5.693028170785942033e-01
-6.897233628485963663e-01
1.246867081950422396e-01
1.853505109304871834e-01
-2.063560778316577693e-01
-2.438097906784289781e-01
-3.200103826585429245e-01
6.914404917831076247e-01
9.091606672659742205e-01
2.868954971384057306e-01
-3.417891512951367478e-02
4.476922088272166089e-01
-8.410939808658808303e-01
4.661065814729138945e-01
7.613797166250807491e-01
-3.710089799733697069e-02
8.327900255560378717e-01
2.811366053299236833e-01
1.465387728237472764e-01
-5.509634326865838622e-02
-4.184627002634220272e-01
-3.241524264102542408e-02
3.159503751355854928e-01
8.853860882775073105e-01
-6.928525753781351881e-02
3.898387561367672727e-01
1.665465406686806316e-01
1.394173283484532455e-01
7.624887667898498922e-01
-5.297509636745982853e-01
-2.573918215719225300e-01
-3.934215345340219550e-02
-7.318458449653971742e-01
1.952948542466883985e+00
7.755590900143709554e-01
-5.067152382773898456e-01
-1.622274558199423566e-01
9.580524129249199383e-01
1.118574081887779625e+00
-3.134729799047370591e+00
-2.613859904795473033e-01
-2.110968635124604309e-01
-5.952817864923404256e-01
-1.150673834837013798e-01
-3.610651917172673087e-01
6.923038687355459464e-02
2.373399501094916042e-01
7.805162086480002537e-02
-5.866085205930200441e-01
7.233553520754399946e-01
4.565660200370732190e-03
-8.229724914166618444e-01
1.268954117237952595e-01
-7.055233739377263502e-01
7.878662861365770542e-01
1.644254003102398887e-01
1.504039516396205034e+00
-1.109326192656151094e-01
8.581389843302319465e-01
-3.789851532709392345e-01
-7.726512607403481780e-01
2.289909364387668900e-01
-1.826501258044329126e-02
8.163624968702897222e-01
7.728197420645250837e-01
6.544199838635589295e-01
-1.225927060695563231e+00
-3.002997441479689500e-01
-3.569184685807663682e-01
3.507589703335872722e-01
-4.194605164210474246e-01
-7.592339603283948524e-01
7.677593605598406201e-01
-1.540816276297735099e-01
1.606392701888218200e-01
2.602736716549078899e-01
4.425359056018082216e-01
-6.851184424145975171e-01
7.136934216209962489e-01
6.533230701914443106e-01
3.269076669163515358e-01
-7.618875831582604397e-01
8.636751007302161387e-01
-8.253791903133993468e-01
-1.142828786654382256e+00
-7.546254239834516986e-02
6.853453678107217506e-01
-7.567146886371401981e-01
3.054748383197984363e-01
-3.562724936956602750e-01
8.288033866458741628e-01
6.770824331620116654e-01
-5.639288064154837632e-02
-1.140511142135379463e-01
6.849608993624005659e-01
2.086555373062646823e-01
-6.969245892186977098e-01
