-2.572117005826137337e+00
2.543118293322120804e-01
-4.710356922974434091e-01
-1.068361002705558782e+00
-2.645196247499073672e-02
-1.181155027192563045e+00
-5.838120789202506655e-01
-2.204629060179876254e-01
-3.574809929474648817e-01
-2.630910768900820984e-01
3.851856771143460367e-01
8.247478804290386822e-03
-2.447774632085388813e-01
2.490814580243713716e-01
2.704951611995446425e-01
-1.130584366895701631e-01
8.542499131338218699e-02
-3.220164393591222474e-02
4.327045433082703507e-01
-2.631479090586065495e-02
-1.848491262516831490e-01
5.080392292109742192e-01
-8.727287344245624467e-01
4.559418771707688944e-01
-3.325301869838070967e-02
2.197859909415123436e+00
-2.680464424443784743e-01
4.281448828845534349e-01
-1.033423214111072852e+00
8.437250849684048148e-01
5.532529773949921292e-01
6.316639243750720167e-01
5.340112222657802388e-01
-6.248484454049387793e-01
7.501307758521508218e-01
-2.981534587221726373e-01
-6.320942485777684139e-01
-1.645768768449218378e+00
-7.867861776181829525e-02
8.372848343198041610e-01
1.213942280757518144e-01
3.522543280614962025e-01
-4.761930048202732690e-01
2.622814613534091288e-01
1.129066099716461435e-01
-6.536674318923754168e-01
-7.273419020439026994e-01
-5.794516514331629065e-01
4.403915862193494291e-01
4.260491758093380987e-01
1.489917775107376663e+00
-3.135285769739768469e-01
-8.768128499545968513e-02
2.306134298412982897e+00
-1.313414978589449444e-01
3.006180854613446640e-02
-1.245602254495940420e+00
1.056707633239820865e+00
1.147739870876496732e-01
1.839582432212250596e-01
2.573033550895600374e-01
4.690967475353964300e-01
-4.473510018825441886e-02
2.649335323114589968e-01
3.037208337996374907e-01
4.973048678707425174e-01
2.606603835572490757e-01
7.256678294579337329e-01
6.725609063013575639e-01
-1.092713470126880360e+00
-1.098231483257309460e+00
7.154534800290476837e-02
2.049348942002074958e-01
-1.756165130091320581e+00
-1.109631208891421084e+00
-2.724101382793109316e-03
2.489872554387251746e+00
-1.246059846687259387e-01
2.833817156707250096e-01
-4.498753139024240788e-01
-7.151938813643412551e-01
-6.234504028737652970e-02
5.270529762177352806e-01
-5.316658285341895329e-01
2.087698934561249553e-01
1.272339349354140725e-01
-3.229070897991881961e-01
-6.330901925091279026e-01
9.616011658806987439e-02
7.838065949974561963e-01
-2.168213026048234071e-01
-8.143062195725460084e-01
-6.358896048231843512e-02
4.616301301113936439e-01
9.312539913539410463e-01
-7.407250600438837485e-02
-1.447468930864061476e-01
1.861714414393221828e-01
-6.823170392298238962e-02
5.269710037592708618e-01
-2.810625652451371748e-01
-1.544819004534066842e+00
-7.551752700463276735e-01
-1.757861602985412164e-01
1.514282757041432725e-01
-4.574455779379108522e-01
-5.691763773886826527e-01
-6.020348777932588158e-01
4.889847644218776601e-01
-1.680829525057291607e-01
-2.037452861693614115e-01
-4.741715958262093800e-01
1.820630616962661263e-01
3.192210699381428096e-01
-2.267421043486563814e-01
-4.138719134071029426e-01
6.044100110892353106e-01
-1.507248044600483894e+00
2.162650654181853260e-01
1.677880112162384307e+00
-4.630218152976446344e-01
6.151835053819730559e-02
-3.230726695751874322e-01
-3.907039995741422994e-02
-8.723146694937658485e-02
1.389615252349862606e+00
1.688305590123172495e-01
1.678887037031057128e-01
4.886410794044976358e-02
-1.044143343430567472e-01
-6.582816463625063008e-02
1.814094321864836989e-01
1.072388129647499910e-01
-1.989685357146211642e+00
2.155876216882279817e-01
1.051388803561970509e+00
-1.105667741673555859e+00
-6.218219257364881319e-02
7.499469023374208954e-01
-3.799112867903254309e-01
-1.270750486978932670e-01
1.671647446705657736e-01
-1.290920918543920548e+00
-3.561343816708959498e-01
1.296301180203348058e-01
-3.188260048390516022e-01
2.683414645411594940e-02
2.568852808331310578e-01
5.685840511021071908e-01
-2.771090224432348759e-01
1.981173452952012526e-01
5.408136891718551276e-02
-7.407138919429626656e-01
-4.119680544808008715e-01
-9.860048396954147754e-02
-2.535319168520797084e-01
1.549477517820580519e-01
-3.707760049328110985e-01
-2.271577686809604035e+00
5.251249571426603868e-01
-5.669246440390735692e-02
-6.062747785865066352e-02
-6.319546932303078401e-01
1.124774487561587821e-01
-3.718836536457347797e-01
5.741134223945045800e-01
2.843353998950186590e-01
4.267218549056221444e-01
5.615250777782382352e-01
-1.433436535846472015e+00
3.641590058850213696e-01
-3.998412331014013499e-01
1.766309857412449391e+00
2.286605836049753482e-01
-2.452912399649447850e-01
5.501255060826043541e-01
5.470514675522432091e-01
1.676473279300428332e-01
-1.479429780762700208e-01
-3.036224227768957729e-01
5.506783275957699564e-01
-5.025765087456209035e-02
5.954496678639333851e-01
2.166946729216771145e-02
2.965053279244614370e-01
2.021907762721477653e-01
-3.198764404786759163e-01
-1.591018877621690475e-01
-1.439890945762841989e-01
-1.924518967286603655e-01
7.770414996440969113e-02
-4.349180689287362456e-01
3.789539289665307953e-01
2.871661341574505144e-01
2.293419832441576656e+00
-2.284227797988571673e-01
4.182308278735075713e-01
4.273244439104200709e-01
1.857613055079843090e-01
-1.035484417786231459e+00
1.750217176672777819e-01
-2.101934368001748155e+00
6.171914609832372944e-01
2.691772812560419004e-01
-2.770774368113457786e-01
-4.484481788330346719e-01
2.478754569640832794e-02
-9.891168850274961732e-01
-4.561707790796599160e-01
-1.708225655827765754e+00
7.791202393846305974e-01
-7.520324321871840745e-01
1.082741413921163742e+00
2.613357782051524136e-01
2.811295705740736395e+00
-1.905606953981343166e+00
5.955917500223559258e-02
1.174162202539672961e+00
-1.145608794319478291e-01
-3.812181755466126365e-02
7.728293300611471794e-01
1.093688814146213106e+00
-7.566515810375065154e-01
-6.833923493524334258e-01
2.592906687658793619e-01
-3.037386422763534433e-01
5.011434015972959788e-01
4.169524319327675421e-01
4.597703688827632362e-01
7.601382972250735337e-01
6.601170243463386766e-01
-1.045299113159092741e-01
5.100357189703541572e-01
-5.409863475131242438e-01
-5.673679070482872122e-01
-6.644127801857954152e-01
1.196921859591340898e+00
1.418120395601536243e+00
5.995329198256060810e-01
-4.899320154583518550e-01
-2.981671103093779251e-01
7.458398786693957172e-01
7.864215697143916994e-01
6.327956462799080306e-01
-3.956597762486480097e-01
3.620961182819232849e-01
3.577518096516252855e-01
-1.005995294800977047e-01
2.957784631090353278e-01
-8.707545188256621271e-01
-1.339611329590844280e+00
8.432442321553995646e-02
-4.826444787618672239e-01
-1.061269400921376782e+00
4.373443252198290776e-01
1.695337601880765321e-01
6.340389016748855244e-01
1.366115120410998640e-01
-7.676626096647811912e-03
-4.321733465755987769e-02
-4.663248780211134981e-01
2.206790718977909571e-01
-3.578362136519179781e-01
6.704758214398907068e-01
8.119059647684189196e-01
