-4.131467061762059134e-01
-1.016868817820933968e+00
1.096650259456414478e+00
2.356174437611368438e-02
1.157212347573279621e+00
1.174127932042786204e+00
-1.629820921131529543e-01
-4.488069701424602931e-01
2.422212097338082848e-01
-1.431848981785078523e-01
1.496316689993352655e+00
-5.059529755800600270e-01
1.621548660762776484e+00
-1.744391707872107455e-01
6.203836301358123251e-02
-6.684068066864912172e-01
5.324841341548375295e-01
-3.539408921842164824e-01
-1.209581603914138270e+00
-2.716458881617306309e-01
-1.378955912195136690e-01
-1.271760529386247285e+00
6.466866580779979667e-01
8.859462807616985680e-02
8.923378681301117332e-01
-2.316361512295000424e-01
1.604522118073541670e-01
1.207878802363004267e+00
-2.831630202738540381e-01
-1.153289166306354641e-01
-3.117587992034975275e-01
-5.499704820416386752e-01
3.092906707750910089e-02
-6.618766824441650876e-01
-2.344986006271051332e-02
-7.802965645999856426e-01
3.908951381675445647e-01
3.968915317675392740e-01
1.154416924918431508e+00
1.228322885481341331e-01
4.706737392922923091e-02
-4.957904542109129453e-01
-2.622675370424502050e-01
2.338549358147848367e-01
5.778994073294955180e-01
-6.321468867305715111e-01
8.202073509270442209e-01
-1.320770563764284811e+00
3.101727861460641389e-01
6.974371565513517446e-01
-9.607348954499830840e-02
9.801079808815007510e-01
1.660300630219207596e+00
6.307961935806221110e-01
1.646286938129428501e+00
-1.525194314235001736e+00
-9.696098547424554237e-01
-4.803275264494050178e-01
1.511326290180246668e+00
1.648588465836899053e-02
-8.300947726533192128e-02
-1.118605796789140960e+00
-1.860699573672725649e+00
-1.744297186094098395e-01
1.343780021749008791e+00
5.482466345065405838e-02
4.052394783690347335e-01
6.565859381399586914e-01
3.351564885469373589e-01
-4.131268803303036474e-01
1.214759368096366698e-01
-6.271870793246273612e-01
1.339211936112293944e-01
2.464169397730613387e-01
-2.177671699528693772e+00
-3.488574905709470597e-01
-1.736009531382636917e+00
4.642490552843552276e-01
7.498660845867117786e-01
3.353164217091419985e-03
7.839756473676543491e-01
-2.177388826809961708e-02
-1.044240738890991560e+00
1.252098354719393680e-01
-3.853225827724197639e-01
-1.598614487545224061e-01
-1.043645284651105731e+00
-2.661304133678789596e-01
2.194637417656589151e-01
1.099520645593932588e+00
5.798759408181311525e-02
-1.375119836713196431e-01
1.015336818989281298e+00
-8.356962547728442603e-01
2.039657156806180538e+00
-1.073580251350079839e+00
1.594876537297444052e+00
-9.176099855970820673e-02
3.779752648633147305e-02
7.433175536973926079e-01
-5.403600598993338888e-01
2.867599669146848607e-01
8.203337486380346544e-01
-1.131313649480596872e+00
1.643261978819530733e-01
1.575696606814918077e+00
-2.298680988343002884e-01
1.349477424123346481e-02
1.484961410678394822e+00
-1.113815561085347960e+00
-8.931976069986178324e-01
1.277891374108632627e+00
-1.186522424555742639e-01
-1.088089759982966864e+00
-1.198010084858750046e+00
-1.713349486836683200e+00
-3.193801789266616231e-02
-6.629975977650159891e-02
-3.852141454766395134e-01
1.028353772534501331e+00
1.542693911197978718e+00
1.299464967540873372e+00
-1.296322512995463416e+00
-9.021553157054743033e-02
-9.095865163924503616e-01
-3.679477865769463785e-01
4.060175246159382079e-01
1.377935785697476989e+00
-9.995462724850439074e-01
-5.235703283057072666e-01
-1.239421406469717546e+00
4.318888513095707482e-02
-1.127761154444326230e+00
9.831128402547553158e-01
-8.399032112754332147e-01
-8.129077468100511794e-01
-2.645647265512959811e-01
2.649801788694136628e-02
-9.773977528445697560e-01
-5.526081544211087770e-01
1.598476512807698313e-01
1.638323638890495926e-01
-4.441160681582301262e-01
6.298990803896782342e-01
1.133136145506014714e+00
2.672602465913521685e-01
-9.295097613275174475e-02
5.847488209867798270e-01
-5.952299753630353463e-01
6.869069935257093862e-01
5.720196675939634989e-01
1.050459706171949170e+00
-4.265930149089772749e-01
4.047841721410926907e-01
6.606944121530705649e-02
-2.526051694255790903e-01
-1.189356965711600767e+00
9.068056259799708307e-01
-5.379543998355605927e-01
-3.755649217405556128e-01
5.936656166393698975e-01
-3.455063282463621266e-01
1.292943494657830650e+00
-1.177114120948478948e-01
-1.308305513630981576e+00
-1.434380956639981441e+00
-4.515039696922834578e-01
5.817884372016899341e-01
-6.777886250326964346e-03
-4.443315996388212952e-01
-8.436618878072769112e-01
-1.373407838929927571e-01
-3.790143601643310434e-01
4.300109355089808960e-01
8.147125796421301747e-01
-7.445534958580976026e-01
-6.357273042237502336e-01
3.389598315227548397e+00
-1.852142558746087686e-01
5.693051759395839628e-01
2.110891874528642298e-01
-7.529485299621511141e-01
-7.497283351466315082e-01
2.881157272542793635e-01
7.885218811789291848e-01
-5.687181985711331489e-01
3.580357030081092740e-01
-7.053970394350443929e-01
5.476713632162222289e-01
-3.751650362660403637e-01
5.684378833473721082e-01
-5.430106270543327840e-01
-8.868879579634474375e-01
3.702927095329989760e-01
-5.967292470411144079e-01
1.015720906746337304e+00
-3.709361201961908217e-01
-3.989363259366379699e-02
-3.113434490222577455e-01
-9.737304479694923742e-01
-4.972550256065649266e-01
2.057909179691736201e-01
6.612394222011073186e-01
-1.451174151932662415e+00
-1.011847991878342679e-01
1.321980547590890342e+00
1.580405723372478866e-01
-1.262886638763523361e+00
2.084714400957360103e-01
7.028994434938209412e-01
-4.123846166990969841e-01
2.099684249874871622e-01
-7.699162040654419781e-02
-9.796337023295081936e-02
-2.274836348387359597e-01
-9.460334066902771344e-01
1.528770884607897340e-01
-4.694598648757898618e-02
1.207658517663807302e-01
7.008909992122650534e-01
-5.890891833190990967e-01
1.393611041825538743e-01
-1.319508341563955800e-01
9.620835573437974686e-01
4.896982243053846773e-01
-2.802164831811386203e-01
-2.401640551919447031e+00
-9.831662677588814958e-02
8.569298022439212348e-01
1.341314125976260097e-01
1.286382358292751937e-01
2.203449611314056700e-02
-9.884076567673133473e-01
-5.545462730833158327e-01
7.270170535991488103e-01
-3.652158465372435381e-01
9.032865146936075451e-01
-5.937796686813081454e-02
2.243238295805385085e-01
4.492322074446970515e-01
1.949052220702279792e-01
2.592571961411450632e-01
7.658958499125604336e-01
-2.014573507648019512e-01
9.614276338388489697e-04
-1.788644058092979217e+00
-7.391736508300722486e-01
1.505442081208643978e+00
6.185716933661400407e-01
5.122826571642994375e-01
-1.824864820097443108e+00
-4.005061845159852418e-01
9.215688669576999059e-01
8.018007616071788357e-01
-1.187831362550580694e-01
7.103644114187103176e-01
-4.027589887458121187e-01
-5.065661376170460528e-01
-1.175776093787682219e+00
1.526378536833244759e+00
-1.009554702228699918e+00
3.199429497261143118e-01
-5.109479248102579696e-01
1.057014343702720405e+00
2.173984339198932469e-01
