-7.925061383244874635e-01
7.915757601626618456e-01
-1.391306681442044391e-01
1.538472719403527478e-01
-8.415143180837789672e-01
2.282972438736461107e-01
1.018794920832544637e+00
-8.562297438102841607e-01
-2.417758200195352716e-02
5.721545499452447281e-01
7.132599473843022064e-01
-1.559058962473604815e-01
-1.750399612854254272e-01
8.443669091217329559e-01
3.565891401980259556e-01
-8.602978425818992303e-01
-7.134419152739258640e-01
-1.725722436122405723e+00
-1.794606629544204690e+00
2.272774610030560138e-01
3.184733550911734157e-01
-8.835868093389154243e-01
-1.392987107717083908e-02
-3.130543960766680178e-01
7.713424576448419945e-01
4.540911694246999586e-01
1.520238623350053664e-01
5.698125826402228311e-01
-6.978912952324139995e-01
-2.960908634538113593e-01
8.423918255540381317e-01
9.566836562925575826e-01
6.286845502995260793e-01
-9.214938873727497315e-01
-7.357342351197102559e-01
-2.148952991137319246e-01
7.576345746670670733e-02
2.981255279080531895e-01
3.093952471384362468e-01
7.149151185416917631e-01
-1.216142392056283938e+00
-8.887703010427102646e-01
-1.612457852565702954e+00
-8.152054346470517521e-01
-1.855980811984084267e-01
-2.323780890508457819e-01
-1.146645569866068387e-01
-2.500774121624812704e-02
7.104436200295722870e-01
-2.516976587415293287e-01
-7.522903960209723628e-01
6.142392428298127927e-01
-8.273824830018359222e-01
-7.657394648513432545e-01
-1.264252194806715135e+00
-4.456801636154003043e-01
1.528631058124529374e-01
8.709215048939107362e-01
7.929996485154294783e-01
-1.036615045431142079e-01
-3.654686303669023029e-01
-1.501311760466570999e-01
-3.740662304160010110e-01
-2.879238225772760840e-02
-1.076086893628484642e+00
9.145839074110319045e-01
4.411671738300558809e-01
-3.111718851281014553e-01
-3.007766413982901343e-01
8.564477906094316584e-01
-1.924487257933800710e-01
-2.529571122576403375e-01
-3.381057229098201056e+00
6.859175385057225682e-02
-9.144618964542365891e-01
5.973760110483645747e-01
3.988093302612057134e-02
2.381296056012037532e+00
8.763029264567649967e-01
8.393651933562935874e-02
-1.107659901513230113e-02
-7.477663577267590345e-01
-4.452376245220145828e-02
3.089062279046989046e-01
2.373969291603542642e-01
-4.843381813249881818e-01
5.187906287825945206e-01
1.119050446061660709e-01
-5.567680995998833815e-01
-1.655367847194255393e-01
-1.103336903628956422e-01
1.090602016255351137e+00
-1.435248278055941462e+00
1.992632096715029888e-01
5.293738712092777021e-02
8.834971030195530872e-01
-7.883229386259071880e-01
6.881083167754376007e-01
-1.342628746402884377e-01
6.517865196629001323e-01
-3.585437393690397156e-01
-1.718549212212912902e+00
3.758976841787420864e-01
5.985396472973347759e-01
-3.849646363480016542e-01
-8.666348607869114318e-01
-2.025475070121721122e-02
5.787861709681496603e-01
2.434872404749648389e+00
-6.295066474398337553e-01
-8.142473445506988039e-01
-4.459738810649738761e-01
2.216856444967519213e+00
3.061943279387538408e-01
-9.443269001919215588e-01
-4.962047781295901849e-01
3.937825948817635369e-01
1.443347187928150088e+00
-8.961848135037353558e-01
2.797653181129850647e-02
2.169298204179631873e-01
5.473978091189674045e-01
-2.779092221982104038e-01
8.031869548427318373e-01
-3.097945500046839218e-01
-2.913735321920574717e-01
-2.895626975504750691e-02
-9.194613067201049539e-01
-2.172102275359802936e-01
-7.287648621920853609e-01
1.973167670215509428e+00
-8.873490691371187511e-01
-2.475736386575064507e-01
-6.605861083068146344e-01
-9.830669739087529724e-01
7.173731356356727318e-01
3.481417810003492042e-01
8.434124960698928808e-01
-8.039799333028946338e-02
4.514841133787330651e-01
-2.900760387617439262e-01
5.164819782089403732e-01
-5.109752172750854360e-01
-1.100220844115062491e+00
-7.615361195838457053e-01
2.009726140033332720e-02
-1.922583277404464885e-01
-6.735592692235478074e-01
-9.182753754277798164e-01
7.861830866765129322e-01
-2.973814264081887093e-01
8.300139932669987619e-01
1.354605839905740627e-01
-6.037738824486346134e-01
-3.096759923854537355e+00
2.839007916015136579e-01
2.453219499168794449e-01
-1.166922916726979009e+00
5.875598039478920898e-01
-6.362901237178324454e-01
-3.238728920248794552e-01
6.552514682723863393e-01
2.203007238088734887e+00
-3.906852343438576014e-01
-1.232861833881377656e-01
-6.805121173110875166e-01
1.150113088052569371e-01
-6.405967465856179377e-01
-6.589516621592400591e-01
4.733615454550773038e-01
3.167063525955082226e-01
2.408133219199627972e-01
-8.424317298755173988e-02
8.967334930106443114e-01
4.630965158783558744e-01
1.826821672153843279e-01
-9.402568860241513615e-01
-5.631351878654685672e-01
6.173818357580653782e-01
-1.838359901998743773e+00
-5.489456716976348627e-01
1.351084525430442440e+00
4.816377461976335539e-01
-5.197509332910358326e-01
-5.337472182285167843e-01
-1.452944086794258238e+00
4.390672373274270845e-01
6.415901444196328018e-01
1.406077016280430581e+00
1.792904113826136459e-01
-2.022084326794730547e-01
8.755752938010703534e-01
-5.222282751891272889e-01
1.769801023818473040e-01
-9.360427266272315361e-01
-8.916301148432779211e-01
-1.034010581565025122e+00
9.338649192328459803e-01
7.705607411880848190e-01
1.054780419216391624e-01
1.953253810634297816e+00
4.506422836540352472e-01
-8.779951370958408718e-01
2.179303767405390835e-01
6.548614603890148267e-01
7.389370190623425483e-01
-6.101306125475912667e-01
-6.829851563204274445e-01
3.799888736081949436e-01
-5.856978076830263724e-01
-1.604412389699619856e-01
3.369662526378093825e-01
8.306748299604835850e-01
4.549491103028097116e-01
-2.608529236949238550e-01
-3.384976830563440897e-01
9.444282800027431479e-01
-1.012015424675398179e-01
7.279646984403773669e-01
-7.388675797242916232e-02
-6.224385918096499992e-01
8.874116918892404060e-01
-9.983175483385057225e-01
3.098196509058302461e-01
-2.916712960364118978e-01
7.724238564182154265e-01
7.158112897405542741e-02
5.870786343361410475e-01
4.802701545201480404e-01
-7.842759004251027566e-01
8.617479503697296206e-01
-3.884169514688859404e-01
-2.723375452827747623e-01
-1.314764829643821242e+00
7.946027845803578238e-01
-6.235423640429021974e-01
1.332215700759833976e-01
-8.635896941606397981e-01
6.073757673481307018e-01
-1.078753188501278659e+00
3.654678267643267087e-01
7.800525033167325928e-01
9.507430836062202850e-01
3.677051312436289132e-01
9.304529090460007812e-02
-6.345953312012851955e-01
3.621086848718690909e-01
2.971792813677977541e-01
-4.417569959873564600e-01
-3.620977488420962787e-01
-3.450832564237985012e-01
9.228203594891261352e-02
1.253441946381238514e+00
-5.736544029562132829e-01
1.225416361469054083e+00
1.270468579758640137e-01
8.407783445322213334e-01
-3.234261802479441172e-01
2.807011839397517972e-01
7.931602155362830198e-01
6.223120383293395674e-01
-6.596699078919479042e-01
6.422317570185887003e-01
1.674656884357726971e-01
4.698955204328019719e-01
