3.896254833029735298e-01
2.711999892828299008e-01
-9.495904416957284822e-02
1.843588882048817768e-01
2.911612474553890162e-01
-6.686950308101738405e-02
-2.031518574740089900e-01
7.317432407246884374e-01
-1.390128440278676880e+00
-2.477042337517885162e-01
-3.019045065616922652e-01
-1.188808487218481647e+00
-1.919030430652745034e-01
-5.839635425808131775e-01
-6.353380140076083649e-01
-1.833702336126120935e-01
-3.341411635747968956e-01
-1.544505798171681432e-01
-4.265131148714693121e-01
1.103062427960913305e-01
1.437594180430368240e-01
1.347940989715128657e+00
-2.561123503436957272e-01
1.647308523524452006e+00
-1.308746666633973765e+00
1.132986147243670860e+00
2.837347474580623197e-01
4.078149189105034766e-02
3.893277069818092406e-01
6.827388592603421680e-01
-1.244259580965102030e+00
2.073762623380271952e-01
4.224298424288073228e-01
-2.853275217023745647e+00
-8.728822104526987591e-01
7.738304568775612458e-01
-6.136337904951582045e-01
6.572539825492840215e-02
6.582305283073303093e-02
1.422161109833477433e+00
8.829362628485568631e-01
-3.142880632462486390e-01
-5.948669219632251037e-01
-5.210881500038169190e-01
-4.677677229748772869e-01
1.013985055338327002e-01
-2.048028489701385624e-01
2.239038914980183703e-01
5.600619973777959393e-01
-1.227131704378138233e+00
-1.590544890986109183e-01
6.230957629846967105e-01
1.788649254644422149e-01
2.416964659424178374e-01
5.375552785692025437e-02
-8.128910685554174842e-02
9.006176921710884464e-01
-7.271384345172674513e-01
1.282284334694905326e-04
2.689639455881819519e+00
-6.528877021905507005e-01
1.529993824670613789e-01
-1.117874320912742636e+00
-5.762516773728894037e-01
-1.456758964241452903e+00
2.190331374189569136e-02
8.166535903099466642e-01
-6.650778592358779218e-01
-1.665003709155124245e-01
-1.552765210477581315e-01
2.936182195497069047e-01
5.761553814974097465e-01
9.423995095854802440e-01
-3.078898183702800662e-01
5.170214125001227901e-01
-5.996658318345184924e-01
-8.414450325465050451e-01
-1.672602129059192588e+00
1.265320769338273144e-01
-1.834001364630449271e-01
-8.120710876560172098e-01
3.530648494444318941e-01
-6.365884118100788580e-01
-2.594562834509447913e-01
-1.879800851088341274e+00
-3.424695606441627294e-01
2.403027865387428741e-01
-6.437312796977461282e-01
-1.058687513422549159e-01
-9.308162258573154935e-01
4.647898645838478004e-01
9.437524793056621952e-01
-9.500427865273231021e-01
-1.943593200921998193e-02
1.117646371730471211e+00
-5.079018295320800735e-01
3.968716978493925795e-01
-4.004876506735874919e-01
2.827591972304477341e-04
-8.377664184024442573e-01
-2.148678815068353065e-01
-1.508463499053526613e+00
-6.782423135389592517e-01
8.031715953969711386e-01
1.532723162244619353e+00
-6.427183551415887042e-01
1.076003977962439961e+00
-4.710504341968164699e-01
1.810180161847799174e-01
-2.897493882594920356e-01
-7.503717869798059992e-01
-1.785737154165503160e-01
-8.187785925721427494e-02
5.397841265631830865e-02
9.137145005758373628e-01
7.384698475761021230e-01
-2.576679010544589143e-01
2.318690770151302094e-02
1.557412821822864446e-01
2.256860567235798309e-01
1.427984737325345421e-01
1.343135282625619986e+00
1.224766540063718101e-02
-1.893032601022814898e-02
7.483484535577002994e-01
-9.397231275449562382e-01
-1.082681355876374596e+00
1.155298274691884286e+00
3.584122241290991218e-01
1.558616707016156067e+00
4.768774774074092671e-01
7.340822177019861172e-01
2.278269272268497181e-01
2.061129773244608498e-01
6.465353118925404319e-03
-7.051192759862541237e-01
-8.686306104529710748e-01
-9.085392611699674714e-02
-9.420419251110490055e-01
4.326850199810022141e-02
2.593916404212793791e-01
4.993205977309432275e-01
3.549383436880383380e-01
-3.008505813470658818e-01
7.460307988271477342e-01
-2.270261364963206407e-01
1.928401118666190073e-01
-2.534282286228941028e-01
-2.990052587552892716e-01
6.502498252924320266e-01
4.097913384676095672e-01
-9.617938244446599949e-01
4.539919730449166746e-01
5.140216390106036037e-01
2.008148358654838539e+00
6.753166992043593275e-01
-2.657531832765747670e-01
-2.540572367198340675e+00
6.300119280360726159e-02
-8.571201627932492073e-01
-6.572038912481338591e-02
-7.629106628667287060e-01
-2.957119094745646048e-01
4.785625305359215154e-01
9.228092482778192662e-02
-8.746330573663548824e-01
7.329947922028584584e-01
5.543551448029382378e-01
-1.226913376807191591e-01
-1.099664966477484462e+00
2.555135006928488828e+00
3.602761622665655999e-02
-1.335172164875696177e-01
2.664560781770977660e-01
-3.789538837407957494e-01
1.220084528453503570e+00
4.144489628163668948e-01
-1.248667129870188353e+00
-9.727341341823980692e-01
7.307002815205223545e-01
-1.141020177353922138e+00
-2.732387249037442345e-01
-5.986716803810451237e-01
3.263278500868829757e-01
1.047166484048384083e-02
1.347729353504643290e+00
-2.552730792845242513e-01
-1.162449371303516665e+00
7.902713751748251525e-01
-3.572976666775699028e-01
1.011414048640564278e+00
-4.720182892437557731e-03
5.586609443490330174e-01
-1.194553665123865294e+00
-4.170768894433041774e-01
4.294806825205829126e-01
2.934250532755804941e-01
1.546346416196552886e-01
-3.154203199158800985e-01
-1.082409274591021875e+00
9.771443297018968244e-02
-1.960667230824822763e-02
1.372173132457833455e+00
-6.518412142163281242e-01
-3.559770846627556828e-01
-7.088730313005413564e-01
-1.543176345955631079e-01
1.574790903937098308e-01
-5.877296109424143822e-01
-6.232106693681018772e-01
-1.501342490541315855e-01
5.794198834934528586e-01
-2.117754696562794969e-01
-4.564934477206583074e-01
2.079376491108603786e-01
-9.554650276061699143e-01
-2.989903034911115531e-01
-8.427770561385509174e-01
7.304645443332387078e-01
-2.188460906901490144e-01
1.558286679791316687e-01
1.009696021334872018e+00
1.241130171868849719e-02
-3.983056010137833169e-01
5.204601937566384340e-01
2.946023515567296469e-01
-8.878490642779024444e-01
-5.718020084664007241e-01
1.130443349338197567e+00
3.912272093647794352e-02
2.622915300233953362e-01
-7.750003295596186170e-01
-5.446775066161715362e-01
1.136752480375624152e+00
1.744790562643377396e-01
-2.875789950573587883e-01
-1.352841834545560840e+00
-4.189133089849040315e-01
4.836310470806440831e-01
5.617987355382603187e-01
-3.898081658989445697e-01
9.931339892763626498e-01
-8.088216108392597414e-01
3.131310838568293620e-02
4.609753131561067363e-01
2.510532097196898071e-01
-4.435779498980392255e-01
-6.519171901899761812e-01
6.815770353126280323e-01
-7.207164682888049789e-01
-6.558213807058320410e-02
8.182636965724042477e-02
-3.020418579237645063e-02
-2.418099614930688257e-01
-2.648329596237099515e-01
3.502009880800380781e-01
-6.640582738610142366e-01
3.788219095251133539e-01
1.786310003058170226e-01
-2.728729859518823631e-01
8.413794109983027125e-01
-6.929613682859490087e-01
-4.952202023133874809e-01
7.003168120918135120e-02
1.350891506979627621e-01
