3.243524277361659047e-02
6.154067758387560261e-02
-1.020190225987742005e+00
2.293508122854858833e+00
-4.068660509006462311e-02
-7.759763243345632056e-01
-8.455803131764483282e-01
2.700147587207000210e-01
8.904484688479541443e-03
9.270839195732321070e-01
-6.981363189194864094e-02
-3.187600533312279771e-01
-6.028348975550076871e-02
6.133119541669622699e-01
2.809839793733791558e-01
1.497072954625308094e-01
1.607735504970886353e+00
1.299620693197912402e+00
2.190958717444800863e-01
8.164080897012964133e-01
-1.657067716637766752e+00
4.203764333314300439e-01
-6.902024936481746531e-01
-3.833765285669477607e-01
8.398703209425701921e-01
1.456187681290251223e+00
1.953944610960500206e-01
-3.062788800758463048e-01
-2.023692015127948607e-01
2.011503930030464904e+00
3.663936707303774298e-01
-7.835871726276282256e-01
1.318649365157709141e-01
-4.024251473055329709e-01
4.572053344405602182e-01
-2.776490518124658524e-01
-2.415467769981897717e-01
3.128449199297627104e-01
-1.807121524238131105e-01
4.771986454039206516e-01
-9.038148644204528903e-01
-5.889451964813569029e-02
4.730098061203497073e-01
1.502239786696775603e+00
2.404713026308906709e-01
-6.590886123892891746e-01
1.083788697086818797e-01
-6.283433508729688310e-03
1.116429962269143705e-01
-1.253468803910042784e-01
-4.508079822024130268e-02
-5.358084900148607499e-01
-2.140141889562227284e+00
8.672291863633595499e-01
3.398573830712610100e-01
-5.862181354114828213e-01
-7.085710102284456524e-02
3.714207909327787993e-01
-1.816546795478320764e+00
-5.963518897897491788e-01
8.783324719823820681e-02
-5.791807672304235544e-01
6.860386143277132920e-01
-3.932803472692639746e-01
5.977112164116540893e-02
-1.255486760283631043e+00
-4.093535797846648006e-01
-1.984121242281333020e+00
-1.999926201087051381e-01
7.227035207223566626e-01
1.233109861962879084e+00
-3.538917210785385015e-01
2.579265030111950741e-01
-8.951788623023702041e-01
1.520323720155846603e+00
1.716719793250440329e+00
-5.765486249483469106e-01
-3.372272702450015425e-01
-4.415390966346743884e-03
-1.055548108886715353e+00
-1.204596254740867289e+00
-1.874571855792707353e+00
3.542545544877051533e-02
6.962035194918775316e-01
-4.692901765024752869e-01
1.150195232128480516e+00
-1.483156214768545644e-01
-3.989944640020638422e-01
5.933552274535088822e-01
-2.098552748703489401e-01
9.818798732538478458e-01
-3.084424374915766820e-01
-5.733546646288742998e-01
-1.158273096430330495e+00
5.761325633062537310e-01
-8.597908562003073740e-01
7.526654213423652484e-01
2.957471160165463075e+00
-8.072225644599873018e-01
9.093528876839707120e-01
3.174988451615530227e-01
-5.801674799542387850e-01
1.810577709351316594e-02
-4.793298168491376687e-01
-3.293373696437664200e-01
6.871875864850287563e-01
-1.281546170241668059e-01
-2.042361832903894225e-01
5.167501184882438148e-01
-4.519420069808388618e-01
-2.116973354613787883e+00
-3.077749185265519216e-01
1.138873812618155457e+00
7.393531615145076952e-02
4.267094577566622471e-01
1.326869376019427504e-01
-5.620889623275395763e-01
-3.221638696461309737e-02
-3.227058516861485704e-01
-1.999612490104302198e-03
-6.443685554392905024e-01
3.760073048233332216e-01
4.920188997407554110e-01
1.039235710748381836e+00
1.146999151449987098e+00
-1.538524818410859363e-01
-1.323952996939125049e-01
-1.064375022105125274e-01
6.799055666959410438e-01
2.108132732188353065e-01
-6.667619559675863616e-01
1.153656463564538548e+00
-5.435570853697861970e-01
8.526486814205425091e-04
-5.985470499892860952e-01
-3.279990530095321377e-01
-3.070244980554286407e-01
2.175364625455322720e-02
1.742350597987681049e-01
-2.062331674072073184e-01
-3.225082524171889453e-01
-1.506838557541431367e+00
-2.461003820607389203e-01
6.917028301796640521e-02
-2.472600223479405057e-01
-1.904651789563963638e-01
1.421249930824026286e+00
6.329172548434911505e-01
5.309935176367333587e-02
-1.025766780635465114e+00
3.087927166025616343e-01
-7.150981270176306470e-01
-3.853255340191457656e-01
-6.960290817840750766e-01
9.534624249929472828e-02
2.690314800135254480e-01
-3.110963584405426752e-01
5.989165448985940277e-01
8.995520905722925731e-02
-3.482147949121813246e-01
1.158733933108687664e-01
5.816402480803868347e-01
-9.262006906989961319e-02
1.423117143789487393e-01
5.415568385738442903e-01
2.008710918729461059e-01
3.093111899847082458e-01
-1.325401792540136681e+00
7.342641654202863855e-01
-4.155092922456909976e-02
1.401373237572123731e+00
1.103628637769889620e+00
1.099065682997763860e+00
3.323704516545875065e-01
1.340921315695142169e-01
2.253560008185035435e-01
-1.743438215858247542e+00
9.269436413952836240e-04
3.145651382251308803e-01
9.031788097369221058e-01
-1.414343324977604954e+00
1.371027944508284246e+00
6.783837529030835034e-01
-7.670950721144003115e-01
2.835470862029565442e-01
-1.203624387581302413e-01
3.128610676078924513e-02
7.585260423389115214e-01
7.274015799442341557e-01
1.354049463948163945e+00
5.842979799899555848e-01
-1.751289747894295035e+00
-2.813339417271213394e-01
-1.163757973822805714e-01
3.626021862766528603e-01
1.770472170959861979e-01
1.495134932590834465e-01
-1.037762675764417747e-01
1.466081732931508175e-01
8.562494896702681491e-01
8.964296902893013064e-01
-2.273440240482086594e+00
-2.106936536143142469e+00
-1.259363920403001824e+00
-7.743462757646540906e-01
3.921047364554074433e-01
2.082797418715759963e-01
-6.219260384627742777e-01
1.651353393903611244e-01
1.473093964902314756e-01
5.051647558088352419e-01
8.024159670547520440e-01
1.135389286428589273e+00
4.939563905988697101e+00
-8.900443963310755713e-01
2.319019636720081046e+00
-2.607949177053446865e-01
1.911329340154388490e-01
7.315045234293531262e-01
-3.748490714963231274e-01
-1.902841125391474542e-01
-2.645725743192279822e-01
-3.907497368691675854e-01
-6.894364494383209419e-01
9.549791577241517615e-02
-6.714787947580869165e-01
1.058380403380083878e+00
6.558312829476063976e-01
-8.144156696385134175e-01
-1.048803908481241720e+00
-1.246453686913677084e+00
1.521506119402540325e+00
-7.887360796893448933e-01
-9.662605272817703650e-02
6.959934520612358622e-01
1.019360017938106683e-01
-4.305548428339022182e-01
-6.045016925558691634e-01
4.584891349032776953e-01
1.793481018543993388e-01
-1.865659962985531717e+00
6.111031870190811732e-01
-1.737804784121545210e-02
-6.799932773500765304e-01
-3.188931388821953372e-01
1.846852714684018293e-01
1.503726142137224997e-01
-3.191853118402570577e-01
1.849875529661239026e-01
-3.213668998303819135e-01
1.526557841274254201e-01
-6.975841840265051275e-01
-8.946854237624588535e-01
1.191698294538856007e-01
4.867780233155662994e-01
-2.274300715250672233e-01
3.380189862601129525e-02
2.254236048203901166e-01
-3.850406287484327561e-01
8.327888924054714925e-01
6.674025922740947081e-01
2.248926524349145750e-01
1.098671891347190011e+00
4.579403084868233775e-01
1.735951189069979472e+00
