-1.116683362250970646e+00
-1.974196571372358044e-01
-1.380191215969444718e+00
5.926722872086683802e-01
1.192170077237987430e-01
-4.366964137908536103e-01
-5.421614782191612747e-01
1.044022636538992355e-02
-2.731395581424727603e-01
1.748905856419451510e+00
2.094597455424408228e+00
1.401267094681156511e+00
1.164623872357667844e+00
-4.106380685987773838e-01
-9.139647634263688980e-01
-4.908032163169312456e-02
4.232090520302615455e-01
1.435714304123556939e+00
5.720200118685742074e-01
-3.437911714313833245e-01
4.916850284750343691e-01
1.592598632344486287e-01
2.654039726078352146e-01
-2.462610723533111279e-01
-4.283829620610180022e-01
-7.408049025010676747e-01
3.054121573023795277e-01
8.295259058829212995e-01
-7.617011792222828648e-01
1.051047003703561300e+00
-2.411157440029727983e+00
-6.420114468660433893e-01
2.052261522092261592e-01
-1.507547096841673484e-01
-1.541571223890865761e-01
7.268240239372915079e-01
3.565154011626444630e-01
-6.590853231682289870e-01
2.323804294059559628e-01
-1.621996208569172815e+00
7.186810516445822916e-01
-1.380455761374577150e-02
9.038514184836069498e-01
5.965484028839476149e-01
5.304310287991277351e-01
-3.587736383611729862e-01
-5.306595054033760861e-02
-2.555684262332817980e-01
-9.529248177104206186e-02
5.214482472506449390e-02
1.639956175408790795e+00
-1.226517670143486338e+00
-1.468388923585548289e+00
-1.041670242775681654e+00
2.274465521644764010e-01
-5.042185607203140130e-01
-6.305725111284881113e-01
7.144521884994046168e-01
2.581027463640035019e-02
-5.297939064185852587e-01
-6.251239738259860568e-01
8.182184273980891431e-02
-2.713003297607436526e+00
2.565514358001799722e-01
-4.095723378302864037e-01
-4.057098518584365543e-01
-6.330348331824171559e-01
7.694124288344754703e-01
-1.682398122709630739e+00
-1.074782437370928490e+00
-2.294378528994474920e+00
-1.813760738092628833e+00
1.490221922896516116e+00
-1.190608738558792679e+00
7.866083398299987817e-01
5.663579327823458076e-01
2.304593940986954248e-01
-6.188491149820527504e-01
-6.509339163140026585e-01
1.237513336463681446e+00
-2.405516553609313934e+00
-3.433770464593325911e-01
-1.256261628222890225e+00
-5.060762034449327595e-01
-2.517527803783196072e-01
9.483020011050136144e-01
4.105854262025988577e-01
7.333257098229692961e-01
7.660293452452817675e-01
1.837224951421834618e+00
4.614993433366318953e-01
-1.186112121061397184e+00
3.933124537464591230e-01
-3.144815659023890708e-01
-1.283550395013164591e+00
2.600718535937009412e-01
-1.168622317034706815e-01
-3.005263321183107017e-01
-1.278294528296568089e+00
-3.201213190115180796e-01
-4.472850875360275813e-01
-3.127608396747202368e-01
-4.007844620225967658e-01
-2.062237312609773721e-01
-6.704499244447907902e-01
-6.334166405461438831e-01
4.124007216111548191e-01
-1.707417309310126918e-01
1.320535963814541525e+00
-9.574629190742749152e-02
-1.138960404962965800e+00
-2.378945273359673596e-01
1.392194051896203710e+00
-7.308841783785570145e-01
-3.394572997711677309e-01
4.793067535750070718e-01
-1.609163046975530809e-01
1.727925757180472643e-01
3.664207664981444235e-01
9.728263671052308492e-01
3.268411742465706649e-01
-1.259884997079162572e+00
1.621822941670599816e+00
1.400838044094990353e+00
-3.728014667624628409e-01
2.622405968614406113e+00
2.466404132593187359e-01
-1.143797664296678507e+00
6.301909084806927019e-01
1.354383986324400491e+00
3.538715056798000802e-01
-6.310078743508636956e-01
-4.042896709430002788e-01
1.495612258099739744e+00
2.170051546049234226e-01
8.747258674003919321e-01
3.213884736383427754e-01
-2.603242321832514028e-01
-1.918169398148039662e-03
4.212086253043711426e-01
-9.534286591720901871e-01
1.818570022930807994e-01
1.076163829272995365e+00
-5.734447780861731681e-02
6.911987592683944692e-01
1.348512059400044927e-01
-2.229607018035697497e-01
-1.372329493874069883e-01
9.193417682328772766e-01
-2.873668619238688993e-01
-5.768979691176362445e-01
-3.510408429733115065e-01
3.398308724029832639e-01
1.444514458965842518e+00
-7.289762833478438120e-01
-2.393353114553234740e+00
1.062139047067620190e+00
-7.941566825323349565e-01
1.296724559352118611e+00
1.835742227542346283e-01
-3.892992181872316215e-01
5.371559980102258436e-01
6.923313754006955589e-01
-7.412709935006875916e-01
-4.214941846622776156e-01
-9.457279020183576579e-01
-5.384885674329311644e-01
-2.361600580768740965e-01
1.448939686969776819e+00
-5.692699912939093165e-01
-2.221671848057231446e-02
8.348272966979394805e-02
2.022059121662226830e-02
1.463382632387697058e+00
-7.979255521767899539e-01
-1.178635686626881895e+00
2.766118426030434591e-02
-2.098574582036585034e-01
-3.398723903383484013e-02
-6.009774004735857211e-01
-2.094546132830331864e+00
7.974284693984333705e-01
5.524823180526511335e-02
-4.272200347594100056e-01
-7.697332599825204014e-01
-5.170984423761183502e-01
-8.778389742582111133e-01
-5.209038328849527888e-01
6.333225680619868347e-01
1.019442895845224378e-01
-1.127044508525553990e-01
7.820156658116710346e-01
1.030021222298304950e+00
3.095655825147313189e-01
8.321314253676380668e-01
-3.554607821890796160e-01
-1.165837452735748458e+00
-5.731198042278889959e-02
1.487243275659262842e+00
4.835753627973107815e-01
-4.588411848894458633e-01
-8.126270502870460710e-01
-5.174615046544704944e-01
2.464157252077766591e-01
-3.330013833126557743e-01
1.375634462930240276e-01
-7.713420915089420626e-01
-6.880410777801770905e-02
-9.093493774027585630e-01
-6.482586607665850043e-01
-3.384676608293343270e-01
-1.461042106683605013e+00
2.746407224182788043e-01
5.154987273556769223e-01
-2.204696221266972400e-01
-3.285781570810028529e-01
-5.537336105866985658e-01
1.454517753843054484e+00
1.195412810616677257e+00
-9.766008169322041299e-01
-8.144461253269379142e-02
-2.476598375683356501e-01
8.052100136640454042e-02
8.062379634590132182e-01
-1.091324168888507140e+00
-1.538638763775891372e+00
-2.115426809922388018e-01
8.207078636233676727e-01
-5.581340343409165738e-01
2.914724092922371668e-01
-4.981969089317070387e-03
-3.480445247845392887e-01
-2.723338780339922272e-01
6.305080645163075870e-01
6.611456581304544500e-01
-3.495942050741253082e-01
-1.650299940211220839e+00
5.995225413147184379e-02
-1.484379995277470832e-01
2.369536922609362939e-01
7.761411991456932391e-01
-1.673441485047925115e-01
-7.457403902231979353e-01
-3.015414742088927055e-02
-9.463537131974896210e-01
1.018810012026425266e-01
-9.863415880950212600e-01
-8.258297133408073476e-01
-1.883390352224610653e-02
2.631905829093429683e-02
-1.066470179686756919e-01
-7.619144874061746231e-01
-1.116033923550698026e-01
-1.815318857258955365e+00
-6.516631445956745372e-01
-2.335342442571237687e+00
-1.618890711251954884e-01
1.647217919609789694e-01
7.255136063271385716e-01
-6.618146054652292998e-01
-1.336865093949365368e-01
2.411755014295517086e+00
-2.766653002311652565e-01
-3.746382014790000659e-01
1.001364660960574637e+00
