1.863200801720329980e-02
-1.499646673999935453e+00
-3.159969646729421378e-01
-5.530445364705081079e-01
3.310842425118371568e-01
6.488600250549828030e-02
-1.229358847762175522e+00
-1.730518156396627649e+00
5.962421200593635007e-01
-2.460565489187362509e+00
1.096964257609804427e+00
1.808866796837899082e-01
-3.997246093897841024e-01
5.251137948619628570e-01
7.201094373361716094e-01
-4.231437121022636472e-01
-5.675853278212100728e-01
-2.769879005526090232e-01
-6.188621417007910130e-01
5.364832698931719379e-02
7.655581114407766785e-02
-6.393392310598832173e-01
-2.822914382972902647e+00
4.665011832615489906e-01
4.062447314198075476e-01
-5.534154310646106911e-02
-3.214438239056330859e-01
-5.086706619985533750e-01
1.317641755248783464e-01
-3.078697195115538965e-01
9.063894426499026213e-01
-4.147227785932540711e-01
-3.827483478063804512e-01
-4.499595883171081945e-01
2.900418077602527345e-01
6.749066657808401315e-01
4.604133242850076690e-02
7.462470463347925520e-01
1.382143335084319857e-01
1.825856112390750186e-01
-5.103028507824305948e-02
1.027810335040737266e+00
-6.941679037185123358e-01
8.707891711171274196e-02
-8.523827710317560813e-01
7.671564589981535454e-01
3.341434559303987362e-01
6.869346947126130365e-01
-1.935625478096411334e-01
1.027314524528322170e+00
1.349176395727401445e+00
4.757230144010548001e-01
-1.521237306407683121e-01
-2.469355191188262189e-01
-7.465019691550346670e-02
-5.415362348393875092e-01
-8.266510249285191625e-01
8.834208480649016204e-01
1.392022748211729256e-02
-3.103003950018584089e-01
4.786882797406820655e-01
3.928718607027124055e-01
6.642672415972787903e-01
-6.445596843610693627e-01
-6.267553907204389541e-01
-4.079927091074271872e-01
-5.248707308743537636e-01
1.178764086861801008e+00
-1.174143488317073714e-01
-4.180918017203381076e-01
-6.464269616139838304e-01
-5.914683534744143989e-01
-2.511255229720758125e-02
2.728626235682237167e-01
3.063378030626163206e-01
-1.602086524608771434e+00
-3.574805449564623649e-01
7.781681141360036191e-01
-3.139019614903729716e-01
-5.833933026065609706e-01
5.055871727526821402e-02
8.853210804253100474e-02
4.626222988863456509e-01
1.716489290338783502e-01
3.168626788426913143e-01
6.364354715613904645e-01
9.954302179723997779e-02
1.823717478625253907e+00
6.391940668437796624e-01
4.862916589714583737e-01
-3.943688263927030979e-01
-1.762542045258033596e+00
1.048389308455408703e-01
5.234426070048123214e-02
-1.892411339819328742e+00
9.153178742734879858e-02
-3.996949969783107903e-01
-1.749019346413527021e-01
-1.633889078572863252e-01
7.814480130466301411e-01
-2.052399057387040981e-01
-6.355756973616526473e-01
-7.891514675742497542e-02
-5.102072993467272610e-01
-1.735515595172593406e-01
-9.301369012871708586e-01
-1.467361175006318685e-01
3.802439683265034787e-01
7.538480443706632173e-01
-2.239753633185345816e+00
-7.140836402329590049e-01
-5.064600012717836997e-01
-7.433372249942202248e-02
4.405597658411068984e-01
-4.344026257917276701e-01
-6.839341309474056274e-01
8.003578869984624422e-01
8.206378656529945692e-01
-1.745771127465138184e+00
1.740628978813665073e+00
4.337931773586242157e-01
1.474833880393144336e-01
4.403627528893476750e-01
-3.555021614689848342e-01
-1.650180084105026923e+00
7.288483584820724115e-01
4.325048363264673013e-01
2.966579914687730302e-01
-9.178879259828187642e-03
-1.123667213663569031e+00
-3.806322378318686139e-01
-1.200323900897358742e+00
-2.503251284393792075e-01
8.091395220820576384e-01
-4.605722109196918601e-01
-2.135143107559525633e-01
-5.854089544810164858e-01
-3.858948289452492353e-01
-2.858125782510322344e-01
-1.954023006979473287e+00
5.262298603290926913e-01
8.857201828160596868e-01
1.263609387774840664e+00
1.912988384884970749e-01
8.089467740142469721e-01
-6.591252996108386553e-01
1.048525019150480464e+00
-2.911959509594014284e-01
8.325921904344354418e-01
2.195199036586602759e+00
2.236277166591567056e+00
-7.324071394286082448e-01
1.355230577172273243e+00
-2.122931345717320173e-02
2.378817477780397205e-01
-1.858777791204734076e+00
1.041328943834062049e+00
7.893851194040616415e-01
8.251643646253401521e-01
-2.846383879685129070e+00
-4.571285147899542545e-01
7.022519323221669829e-01
1.100339346173436622e-01
-6.261038002560714855e-01
2.996454086485307311e-01
1.229937930528768097e+00
1.949848090526658528e-01
-4.289591383796689250e-01
-2.503962934313970490e-02
-8.019529803849280158e-01
8.949854170966017874e-02
-3.320825680575021366e-01
-6.256572963310027546e-01
1.231147734140166372e-01
4.668556620371777655e-02
-5.281203698846224093e-01
5.222980495879012697e-01
-5.022534120283935755e-01
3.834255444867767926e-01
-1.168979094964903931e+00
-2.822956848360496984e+00
3.910572334750602730e-01
-1.295454846629350509e+00
-6.805989856048064723e-01
-9.378450065163641824e-02
3.943130998963376155e-01
6.947850424281166726e-01
5.820406538061319024e-01
4.576273210789241763e-02
6.386256065188258280e-01
4.466386679989526876e-01
-1.794499729390872378e-01
1.313671142279188242e+00
-1.993219238193917331e+00
-1.279762706764826952e+00
-3.544176589937077515e-01
-4.237684003888102513e-01
-3.105198105697561106e-02
-3.839814302805968360e-01
-2.962722965357691973e-02
-4.768438837429176402e-01
-4.310207325908754772e-02
2.061024824945496992e+00
-6.610669140237649399e-01
-1.653205433066736174e-01
1.308799444584274552e+00
1.069382611086886259e+00
6.944327149562470325e-01
-8.831599633212461331e-01
5.350018677792411914e-01
-4.135317319277415082e-01
7.972469087842198876e-02
-6.656917775657984482e-01
6.019070425519318368e-01
7.184474151914670426e-01
-1.477571278721451775e-01
-4.908693044670721650e-01
-7.762908253904530209e-01
1.433246798861747828e-01
1.347355232095317212e-01
3.827907030886826822e-01
1.910639111250731492e-01
-5.781597239425236845e-01
3.782724485792463009e-01
5.333096891822650676e-01
7.834073462793357534e-02
6.072944355964585705e-01
1.684000951065411922e-01
-7.407468235109476717e-01
-4.998855189387367837e-01
4.153005530482423158e-02
1.967820914828957712e-01
8.662923643916822236e-01
7.682695602565475790e-01
-6.137950566886871684e-01
8.743042973201684553e-01
6.895958994027369116e-01
4.424783152019896582e-01
-3.236900782943730875e-02
2.307589159176419158e-01
1.710170940495910896e-01
-5.053215108608392070e-01
9.347964477327019850e-02
2.268606027017321947e-01
5.816595792827672362e-01
-3.647478289842073451e+00
6.766635721559169925e-01
5.034496065025857447e-01
6.959183661757386563e-01
4.357171066672657078e-01
-1.931845061932147278e-01
4.068465359989223984e-01
-2.618437483756949069e-01
-2.805170715311131602e-01
3.370835377303884051e-01
1.626848735716192929e+00
-1.525823730908490716e-01
1.807953969557483553e+00
-4.993982002409048243e-02
-2.294925715219953144e-02
1.931168233103663923e+00
3.546558940747239319e+00
7.661197870798287513e-01
-2.472804775518821496e-01
4.966683704310878578e-02
