-6.926308367170390667e-01
7.391857822792169408e-04
1.075584486083060121e+00
-6.816411491707754511e-01
-1.527266643138160962e+00
5.416409077180690534e-01
-5.758686567938842149e-01
-1.171844330317471511e-01
1.148597085878372948e+00
9.601198240870827127e-02
-5.493259048331471384e-01
6.257095586973543400e-02
-4.948923880551653887e-01
4.757098264480255079e-01
3.085591319207783290e-01
-4.315293716666231821e-02
1.100131817669208090e+00
8.633150432688205256e-02
2.179795307138067129e-01
1.680860196766160164e-01
-9.336375349054359951e-02
-1.431699859865319668e-01
1.664758840861832123e+00
5.301927193582020026e-01
-8.549799330240057671e-01
9.344399214223859662e-01
3.642778782756767031e-02
7.580658986107919883e-01
2.482450964801221835e-02
1.225216602620226469e+00
-1.007631990798966981e-01
-4.965380989782579302e-02
-3.378695681573394838e-01
8.318593576311695825e-01
-4.299843117868492604e-01
-5.502937187357037629e-02
5.669698208234683623e-01
1.577714187893579201e+00
-1.892334592430893747e-01
1.400353595617074565e-01
-1.499414909452741751e-01
-5.698877618802943024e-02
1.563735166339821347e-01
-4.496530916286669011e-01
7.676651060401706861e-02
-1.395405310104995023e+00
1.948167164939766938e-01
-9.279356398008931084e-02
4.911667416377870632e-01
5.322680001772435165e-01
2.355429591676259093e+00
4.647020438682181176e-01
6.586780721152749596e-01
-5.848012116645033842e-01
1.917734369613404155e-01
-2.722749470812116712e+00
-1.927679374942968815e-01
2.865870898515108789e-01
3.725912670322900633e-02
-6.655576753667296064e-01
-1.478989569690135897e-01
-5.738884177890650751e-01
9.470913830357488572e-02
-2.456583639147166265e-01
-5.995238362221055189e-02
6.657457887552015174e-01
5.404392809564355360e-02
2.140204629028806815e-01
-8.777738980775645627e-01
1.730987174551684937e+00
-4.946067559016901205e-01
-6.007356328618475294e-02
4.073369903866276287e-01
-1.718204955480659546e+00
2.654077273394847003e-01
-1.610413000654429549e-01
-2.905105718463512621e-01
9.930056746200308648e-01
1.135654917083814136e-01
2.780422984559762778e-01
7.546020067136089970e-01
7.871872540795822326e-01
6.457902147231255885e-01
-6.635196381799863818e-01
3.855486837985913073e-01
3.799554838185268402e-01
9.016762785535648028e-03
-1.393877300619288162e+00
-2.464927155614970999e-03
8.398856186166195892e-01
-7.912176395251111494e-01
2.901096309013944108e-01
-2.567368903965360216e-01
1.583660937500652732e-01
2.186026070824027279e-01
-7.830825414687736519e-01
9.306328938819780072e-02
-1.334542569202739615e-01
2.714229785934993533e+00
-3.220510730662388688e-01
3.932958798051882088e-01
2.402441878022572863e-01
-2.041775853654964834e+00
6.182375845375042561e-02
5.047519291352091653e-01
1.064231377613156226e+00
1.151895406206117078e+00
5.545531575749507169e-02
2.072453966895022037e-01
1.146913683188981681e+00
-1.278116719721597683e+00
1.903355360051965373e-01
-1.250129559879563423e+00
4.865401816949517233e-01
4.727763730491249539e-02
-1.497120548186371414e-01
4.836587183516837807e-01
-4.468515099155128678e-01
4.588822092291885979e-02
-2.521693199181667122e-01
-7.820222159416442831e-02
2.665260136751531617e-01
-9.908354062555528863e-01
-9.854378264317786851e-01
-8.336714749208509190e-01
3.034691555649436934e-01
-8.666650102286421742e-01
-1.204609515286782617e+00
1.559590361477216358e-01
6.475763907290031929e-01
-1.918187331985748423e-01
4.378222150288174630e-01
2.682314438681909774e+00
1.055058574737080868e+00
2.014501405881405915e-01
-1.648723798763760184e+00
1.113980468395779355e-01
-5.083614355051134792e-01
2.984751683555204593e+00
1.917803467579393406e-01
-9.211982151920100614e-02
-6.991460525223714972e-01
-9.231939674348741409e-01
6.206676639186758937e-02
-3.846039069350233319e-01
1.132212944227711571e+00
3.634080138202537280e-01
-1.670150210597505236e-01
6.063904006613294317e-01
2.929586434073139234e-01
-6.175288614960697808e-01
5.648571499820588537e-02
-5.317632920703688204e-02
1.499426127673968434e-01
-1.225335586795866627e+00
2.851604875126023675e-01
-7.548580081567761724e-01
3.888648333711334781e-01
-1.167231599233410633e-01
5.826199383109168517e-01
-9.065590880181809141e-02
6.473350880696678855e-01
1.483150918655515849e-01
1.189113401452940977e+00
3.720332692552900111e-01
-7.405204978169344088e-02
-4.635499525004969645e-01
-4.078117451818112915e-01
1.292439836116313412e+00
9.183770416309053330e-02
5.350459939142699906e-01
1.278131216812058990e-01
-7.896132968689788534e-01
3.806320334960798246e-01
-2.312401126121548245e-01
4.490998147075306313e-03
1.585422065618081078e+00
-1.965093680968233170e-01
5.218443381418319538e-01
1.063261039449931999e+00
-2.444294351362874262e-01
4.373375259236805812e-01
6.401372674963248244e-01
-3.027928865341654174e-01
6.726286243037375989e-01
-7.155830641562953287e-02
2.184659274232526316e-01
-1.003772082880446531e-01
2.364575707719169528e-01
1.493784193673769689e+00
-2.690416210677262221e-01
-1.036910860809557633e+00
3.053571837322719418e-01
-3.648336544907296308e-01
-1.924917111423148364e-01
-1.375250586252376728e-01
-4.112267439679005709e-02
3.771452967498206688e-02
9.671915910379517145e-01
1.318267707141580480e-01
-3.267477369561545553e-01
-2.956491214861664552e-02
-6.052361650718955932e-01
5.868925158872255743e-01
8.740949688007559892e-01
-1.787743648231105223e-02
5.640328165296568802e-02
2.246673478365759646e-01
-1.117346799574177041e+00
4.961119741976748321e-01
-3.483880612326910597e-01
6.649348775668296740e-01
2.962050389121038685e-01
1.823265984423394492e-01
1.762548259664816541e+00
9.312998926942952505e-01
3.788319357399066445e-01
-1.578230985273278153e-01
1.036322001247799857e-01
1.614065499663058123e+00
1.339298659741165742e-01
2.597126164666871961e-01
-9.182763340429084264e-01
-9.403552864877523509e-02
-2.096291662471174988e-01
-3.441856791860408160e-01
-3.890707476745406401e-01
-1.481195356573472288e-01
-1.862566123629977033e-01
4.782224843174521234e-01
-3.647634208048203819e-01
-1.717600074696028489e-01
5.407527805167585688e-01
8.892392821481396314e-01
-3.424487017951500234e-01
1.421778925688706452e-01
1.034845969763298124e+00
1.438258339124632190e+00
-2.396625503111787792e-01
-3.464529733870296835e-01
-1.210052456240168661e+00
9.471310619398407016e-02
-5.600496090711679642e-01
1.287136277617891400e+00
2.995375175378683918e-01
4.369526034500528233e-01
-1.196297812315809672e+00
1.002205769651713263e+00
1.676609634325504361e-02
-1.898734360461523663e-02
-4.651797103811559919e-02
4.293013982777845183e-01
-5.486542264889145981e-01
7.972752218238572386e-01
1.715770728581577309e+00
-2.723613407927447799e-02
3.835814575682684746e-02
3.608739775018183771e-01
1.179983596357550901e+00
4.312803881915241444e-01
2.381458083658098968e-01
-1.771467504768003964e-01
-2.051667297184794347e-01
3.242751140287353784e-01
1.074058044764196085e+00
