8.907930285832843520e-01
2.313147523612606449e-01
1.064596386106214099e-01
6.072028365040381681e-01
-1.078457652769505781e+00
8.084711753415912971e-01
9.593170032947084813e-02
3.242287247418338542e-02
1.751377978199041507e+00
7.785348439487485561e-02
1.156610796429909660e-01
2.710509895535185843e-01
1.290570905540206592e+00
-1.728918249791807638e-01
3.004552934067864292e-02
2.318874225045644000e-01
-1.564741510760185639e+00
9.145784625673710755e-01
-3.215413579946217459e-01
1.571873468116192496e-01
1.011468176287798060e-01
-7.530164207168056345e-01
-1.321242053078241163e+00
-1.542980893062884107e-01
1.790428098921353683e+00
3.663771656387210252e-02
2.244276109051633050e-01
-3.031742255364212602e-01
4.244278865185731331e-02
-9.406077625924982311e-01
6.411404279245532800e-01
1.966224332012451170e-01
-7.124041497104515175e-01
-1.294177532149219267e+00
4.417120245588599947e-01
9.872630939166401887e-02
8.838654269196323243e-01
2.238654350617752253e-01
5.749186593264238310e-02
4.290596063657126091e-01
2.619295260176457418e-02
1.536380984916867032e+00
3.037145341555275713e-01
-2.520135875771703837e+00
-1.086832677644038458e+00
-5.637576520073578346e-02
3.332011619767111243e-01
2.069471308798087605e-03
-1.219776532461212870e+00
-2.026259512974782906e-01
-1.106490757484240584e-01
-4.083529162291232861e-01
-2.604955959352623918e+00
-1.127432842754560183e-01
5.830019860446304936e-01
1.706429872837498252e+00
-1.661465352269463902e-01
-2.097139311457496547e-03
1.455133999132985689e+00
-1.054419736235864963e-01
4.605518380316629412e-01
2.943886664579894452e-01
-2.459101348038049140e-01
3.218578096654339249e-01
4.276892841118517530e-01
-1.235265539897217879e+00
-6.371085662116761084e-01
-3.516525650128499159e-01
3.839191507222712851e-01
1.263912831105494794e-01
2.805784972656938034e-02
-4.074694547395085742e-01
1.868094999204031326e-01
3.079025363840697249e-01
-3.164173881210616823e-01
3.008158532385950545e-01
4.097131690504421386e-01
-8.544523014722023024e-01
1.460607275185643150e+00
1.235461034629357968e+00
-2.776946650739807732e-01
2.643403277187168499e-01
-2.512521774838505917e-01
7.508665325318344408e-01
8.275049168866198679e-01
-7.740169069090661047e-01
2.488374022578954126e-01
-2.153961680054737593e-01
3.964963866750191857e-01
-8.462867463034755566e-01
1.593416694213466434e+00
1.416101088758503490e+00
-2.741009249352080457e-01
5.216914216805950133e-01
-2.307499937386469080e-01
-4.625507998065113147e-01
-5.540973446966831473e-01
-5.079325854575447163e-01
8.059982919139885293e-01
-2.340765409127187890e-01
7.421440745117921511e-02
-3.353745782742435511e-01
6.731077104105971376e-01
-2.191822685452888386e+00
-1.885963191253945404e+00
7.719698576812171753e-01
-4.505538680415785424e-01
8.047149701772715602e-01
-7.445487115021416635e-02
-1.736369947282827564e+00
1.495975864934106503e-01
-2.413809490285730719e-01
5.174867517047092580e-01
1.122129268346097275e+00
2.439065698868873033e-01
-6.645546899127402485e-01
-5.761020018605624848e-01
4.498921163804709411e-01
-3.683465630449740402e-01
-1.451896010199376530e+00
5.720465499225855233e-01
-2.082668307549810915e-01
-1.100298873725466864e+00
8.605863155973572098e-01
-8.572202319390445080e-01
1.840380668060841440e-01
3.992576238730918270e-01
5.080934338025757668e-01
-4.614355734661877984e-01
-5.366292102995844360e-01
2.859516673091401784e-01
2.687834775160855560e-01
1.197385645828515921e-01
-1.253240692386806909e+00
2.192941089924120290e-01
-4.707664209781345366e-01
-1.121516980746647268e-02
-2.847249892596860343e-01
4.200318226888219986e-01
2.471494084308343830e-01
-1.049266534895692882e+00
2.332730991531756226e-02
1.634651322892498593e-01
-6.627418085154415106e-01
4.785636651824218268e-02
8.529623135785868726e-01
1.024884460574536638e+00
3.458013456103915750e+00
-9.178725906834311887e-02
-3.234085875074455552e-01
4.954290942360016770e-01
-7.201151853138519909e-01
1.513477313136266378e-01
5.747280897249387732e-02
1.666841899123354676e+00
3.931836485368283007e-01
-4.542939702466372021e-01
6.479520595972173558e-01
5.601411677885453910e-01
-5.644574164129942950e-01
-1.742127572570369987e-01
-1.003395903995562000e-01
1.101271635140467886e+00
3.297848000587421113e-01
3.154287520436834580e+00
-4.119989897933412082e-01
1.228480822058860777e+00
-8.140676200854729538e-02
1.114876854471632761e+00
-4.089103586739412100e-01
4.289624337713427993e-01
4.926351819792877396e-01
-2.176148597052590672e-01
5.673067267520417456e-01
-2.643511884109701060e-01
6.319233350510851388e-02
2.021205581464863288e-02
8.650792392979133050e-01
1.524130931847044845e+00
-6.522813001894367524e-02
4.374753939044565554e-01
5.595774029835746122e-01
-1.609785019195993039e+00
-1.617148584214652907e+00
-8.828779175630588338e-02
2.890555684046383633e-01
3.383962057682976532e-01
-1.425161428938060415e-01
3.250762686561547987e-03
-9.072421981513024702e-01
-1.021144756653355579e+00
4.785770244895545811e-02
2.767253588369733008e-01
4.150328014698141388e-01
3.496639216117655158e-01
1.329552004662687137e-01
-2.261896366407278869e-01
1.644138601989036108e-01
1.991957123062710888e-01
6.054874096617950396e-01
-2.627389799595501452e-01
-3.184583309429392939e-01
-6.727198042003443290e-02
-1.036410163151010755e+00
3.065151752023112519e-01
-2.200994618626633814e-01
5.839568079442771786e-01
1.608377727346943509e-01
-8.517094299474616825e-01
1.681599480256026125e+00
4.416233136859496269e-03
-5.052707473396310656e-01
1.176106397625496847e+00
1.061825677774408394e+00
5.661851218412573550e-01
-4.596048312628751020e-01
-4.607654254362575363e-01
-2.213077364714970130e-01
-6.275838530295920759e-01
-2.177374468081037240e-01
-1.951681683585442528e-01
5.128353351416418127e-01
-4.763664374124177980e-01
7.183247028318280325e-01
-2.156931114358305868e-01
1.506228973138013516e-01
7.686048938031549982e-01
4.447171457820764950e-01
8.430891239095638090e-01
1.964369239696815761e+00
4.765789912398991079e-01
2.819432465719720615e-02
-2.760688720657589190e-01
-1.795854444996032306e+00
2.592613994266696475e-01
-6.456668952989388366e-01
-4.699372329523901493e-02
3.183455524307805123e-02
2.778260019531968439e+00
-1.494627619585559841e-01
4.060222085289603711e-01
-2.363860603582304543e-01
5.695359821672885126e-02
1.027181334540956614e+00
1.350766383709827601e+00
-1.908886132843565786e-01
1.344080708216523479e-01
1.858561402675949492e-01
7.469466041914728238e-02
4.761043727465888442e-01
8.457378908480629037e-03
2.213312468319555970e-02
7.372297141844962320e-01
-2.628751962434303646e-01
1.755459691436130676e+00
-2.507721318325341064e-01
4.148367171119228258e-01
-1.764723778325102410e-01
-1.797392239465550046e-01
-2.743790992683908581e+00
-3.186950642515327670e-01
3.171390435587739809e-02
-2.963711675014404912e-01
7.934709939010631263e-04
-5.390008717751704204e-02
