5.691076690905096935e-01
-8.442600543426479476e-01
-2.016947380267961609e+00
-7.500015808184568034e-01
-6.259222904054395631e-01
-6.163926086094131951e-02
2.339239355407582432e-01
-2.617500724344382634e-01
6.693101144382437306e-01
-1.131275904151390899e+00
6.532502444584624424e-02
2.498835792506444442e-01
9.840100267589713123e-02
-2.948809553658698901e-01
4.507941643251354158e-01
1.041548447757020046e+00
-5.754027161541624968e-01
-9.850177671441733285e-01
8.866720704565251854e-01
1.757070552740666591e-01
4.150704440851408772e-01
-9.637914541594421181e-01
-4.097553004401688348e-02
-4.425322578599625856e-01
-1.709892871612287868e+00
-9.824967989520982936e-02
-3.218213682975346046e-02
6.886862520923940911e-01
-2.340351917401478854e+00
-3.474547763306775616e-01
-5.525205940191535436e-01
2.485513278544962124e-01
1.641538420213221605e-01
-4.720143900297991135e-01
-7.616053641177752409e-01
9.803511849028317959e-01
2.557980219311746239e+00
3.929917070075766156e-02
3.494159030656708853e-01
-1.073563244232734193e-01
-5.814443497771148994e-01
-9.656500539702350672e-03
8.261171220006611193e-01
-4.087047863363929556e-01
-5.328320281482054610e-02
-1.887688576804931739e-01
-1.277681487478076416e+00
3.088998296591211057e-01
1.163614792727514641e-01
1.303900128350482968e+00
3.020583993615917340e-01
-7.161005443795515069e-01
-4.803978896325154790e-02
3.840247737046539184e-02
3.201316623161741814e-01
-2.023638112563918567e-01
8.129257770173621278e-01
8.003535058714364991e-01
6.070634890509258447e-02
1.041030142283212445e-01
1.211957675810250379e+00
-2.931255675262015581e-01
-3.143479708700183117e-01
-1.716562594758723470e-01
-2.569471408165785453e-01
-7.127932093466502472e-01
2.283603854581369941e+00
-6.887639684230234538e-02
-4.479018683919488431e-01
6.005737598692006962e-01
-5.211981165202022037e-01
-1.132772025505877966e+00
1.887414379404890041e-01
1.981610015425891436e-01
3.343023373935680720e-01
6.026197428993381733e-01
-2.810369011254794103e-01
1.198240720977416629e+00
2.660841322143832066e-01
1.121462434141061504e+00
2.990154064394152655e-01
-9.564697985315573359e-02
-4.620240783316398869e-01
3.825387392296750178e-03
-1.210857678440552698e+00
2.277167563512794979e-01
-1.148503763592668037e+00
4.967341522275514620e-03
3.051533511722678838e-01
1.344739320775801605e+00
2.917546578974208771e+00
7.821567829215803069e-01
-9.185271951964119053e-01
2.507705876679061641e-01
3.879693146470801324e+00
1.759315983594096910e-01
-9.303465870088130085e-01
2.631812298429793140e-01
-1.745010965408732906e+00
-1.751813581387801078e-02
-8.230058750203486095e-01
-7.274079435795682835e-01
-3.833514543107551242e-01
-1.144704886207174033e-01
-5.862462742783902669e-01
-1.359328485215653692e-01
2.806455184943545955e-04
-1.247194339211772807e+00
2.733768056445884942e-01
1.705876664661848674e-01
1.113379835617759772e+00
2.868878480316159330e-01
5.967509375635065005e-01
-1.273717889137719439e+00
2.640196175347301111e+00
3.408988398868449954e-01
-1.454456538931423903e+00
7.500570088337960017e-02
-1.082675478913218692e+00
6.474177011155538009e-02
3.004348829897208750e-01
3.175468231478518755e-01
-1.397692541422367984e+00
1.078950564325295680e+00
2.029183951052809243e-01
-3.580788102874939982e-01
-1.927508896150698925e-01
-4.378101167852917891e-03
-8.308881689628433431e-01
-1.737758897072092523e-01
4.975037173907767007e-01
2.116923460673221680e+00
3.138119824544368663e-01
-4.431707825377000920e-01
1.193519346569529072e+00
1.610323439756286001e+00
-1.078887939615476910e+00
1.211683189629102930e+00
3.150737327020025624e-01
9.729119185869634645e-01
-5.309623931236017169e-01
-5.030557662690785525e-01
2.438059073954449429e-01
-7.797230601977848952e-02
6.325173151612131228e-01
-2.597224658883829473e+00
-1.645111035767436558e+00
-2.762321136902110119e+00
2.419870948719506365e-01
2.332672649658638520e+00
3.135269768496691811e-01
-9.947903346697506421e-01
-6.287670496731631586e-02
1.293381066734404561e+00
9.884194869861925858e-02
2.511482266674632813e-01
-4.625558728512658702e-01
7.087212877540360889e-01
-4.051178506853597150e-01
-1.350833851419997123e+00
2.677161693168416123e-01
1.925541113936322657e-01
-1.988137202704144402e-01
-4.769348814677011328e-01
5.363802081844462055e-01
-1.590711791053534552e-01
8.866084087700454308e-02
-8.947159575383660524e-02
-1.944895524496866646e+00
-2.763512921143924106e-01
-1.440822871456706622e+00
-1.789854073603042439e-01
2.572861512741321244e-01
-1.257323369546168301e-01
-1.146652781552136124e+00
5.011524673718332767e-01
-1.982791274482186838e-01
6.873756857198403125e-01
5.077226300168238282e-01
6.560436937816869207e-01
4.512526753509643607e-02
-1.420853526915775433e-01
1.246764762338085308e+00
5.275292534617401774e-01
-7.179599211066435560e-02
-1.573429839328629010e+00
-3.390885579593350130e-01
-1.544450395771951534e+00
-1.619341468720409405e-01
-5.309939477401766084e-01
-2.237466820874747797e-01
-8.408066271744334408e-01
6.268246500297203205e-02
-1.050668123105738538e-01
1.367298732286940544e+00
-2.748691251343953201e-01
-4.143074063646277061e-01
1.419450076882118994e+00
-7.443629279451111636e-01
6.996216919719142058e-02
1.402345284033190698e+00
-5.311240330005116694e-02
-3.422663103390827244e-01
-9.494854275131399124e-01
1.547467515064010479e-01
8.695477463517123362e-02
-1.805662141159341538e-01
-3.279296583291017586e-01
9.576292492848907656e-02
-8.231582247993682322e-02
-4.759356132611244905e-01
-4.673730571336238981e-02
9.740986448120790842e-01
1.808257093208953115e-01
4.249225893589438030e+00
4.022380801480074375e-02
6.976744010095830006e-01
8.127281613753440936e-01
1.385615423428000925e+00
-1.615547748486044988e+00
-5.194738820238277155e-01
-6.154907547923577082e-01
-2.596069048025612114e-01
3.552842738019132418e-01
6.795555704614708592e-03
1.155674590539442631e-01
7.941728518647251933e-01
-3.150387145251958287e-01
7.702901542246495259e-01
7.340702297498526985e-01
-8.725332404813869180e-01
-6.942467220799382055e-01
-1.356988102628982895e-01
-9.677847780878943984e-02
-3.484317738123142161e-01
-1.665488433746810548e+00
-1.156892398172668646e+00
-7.214862061743727573e-01
7.007595152987078357e-01
-9.572708161723442188e-01
-7.667235490156617539e-01
3.745177446908368180e-02
6.911916113075851076e-01
3.347587189674512964e-01
3.906579508161348024e-01
4.238502577141115557e-01
-3.373714522119919401e-01
7.000840689057818977e-03
-2.182172442518715838e-01
1.364416997595589154e-01
-9.980658088911520398e-02
8.868388947997184468e-01
2.064072036073594241e-02
4.469416198223840619e-01
5.942380079854417962e-01
5.654524535741622948e-01
-6.138514656663085489e-02
6.017751778707547405e-01
8.563793882038803762e-01
3.908489280490716755e-01
-9.005587650651467602e-01
-1.279228376794278588e-01
5.645104002048954017e-01
3.922163065372077373e-01
-4.917408892842154433e-01
