-5.918649067052395019e-01
3.763555247970040707e-02
1.943880905892141908e-01
5.518160226770871812e-01
1.322364289541711757e-01
-1.028336558792629640e+00
7.858740744536076850e-01
7.341358168588042465e-01
5.757228461299637168e-01
7.142295925722987882e-01
1.005689151640616341e+00
-5.273480874947547026e-01
8.012794153775886219e-01
5.232245041362628690e-01
-6.008969850303276239e-01
4.339997523569820714e-01
2.100154201884100180e-01
2.498694590588561026e-01
-1.082625565763956299e+00
8.955149151894248316e-01
-4.925631426128627699e-01
5.365371473183336293e-02
8.748713444915998116e-02
3.641662422075576666e-01
-1.004624020988923588e-01
-7.882914141598021951e-01
8.219665465225284295e-02
-5.977358067627808191e-01
-5.108499968860155116e-01
1.191239856016193532e-02
1.982845534796097375e+00
9.167149487098187333e-01
8.363084294550280351e-01
8.856923057230806084e-02
-2.017830774995576171e+00
7.711782442973694751e-01
-4.960714465507847781e-01
7.604723910695172506e-01
2.609804672069871434e-01
6.094454466842598173e-01
-3.281128994891396866e-02
1.849385847512174053e+00
3.652088928870610429e-01
1.396910302202766463e+00
-8.755796562191759946e-01
-4.071261299529467248e-01
-1.746678281959494483e-01
-8.559570184052378572e-01
-6.808770849260383784e-01
-3.596251707090764582e-01
-8.671694972647092658e-01
-1.038606344156422390e+00
1.522303372177711722e+00
4.292511907745812927e-01
-2.213269511108210963e-01
-2.291207067935515096e-01
3.098689102397945705e-01
-1.648623748431742309e-01
-5.685529103068149431e-02
6.843022063532538946e-01
7.311585131777502689e-01
-2.378910948890044508e-01
-3.491136926842531851e-01
-2.186783872578705323e-01
-1.359527980552473370e+00
-1.522858971840720665e-01
-1.026094973595313986e+00
-5.566921768461522424e-01
-1.074239625427394262e+00
-8.239523329916716987e-01
-4.880890399770736465e-01
1.430264461892252481e-01
-1.208032684864912554e+00
1.336436830442363943e+00
5.146045161161301174e-01
2.908074967079640194e-01
-1.249053931523524952e+00
2.063245282830715066e+00
-5.428190353723175710e-01
8.333337742304725015e-01
1.017526202426161097e-01
1.257681415266870717e+00
-8.528055019133813364e-01
-1.133610838648350549e+00
8.324159912245818194e-03
-6.340478647161973402e-03
9.258092612233346230e-01
3.957496000711733797e-01
-4.309157129977129186e-01
2.498052963814583194e-01
7.185902962631796065e-01
3.309565187767746219e-01
-4.658045489367021452e-01
-1.486407988476723840e+00
1.033786144518652472e+00
3.891223020699372537e-01
-1.291465665184104106e+00
-2.162014497753708575e+00
2.283824804728726565e-01
-1.292691543905438722e+00
4.604384989975408571e-01
-2.095958639807567803e+00
-3.782710526145631469e-02
1.432955310780839042e+00
7.891699682049546638e-02
-1.200494702168017014e+00
7.501041889793084172e-01
-9.223485887227456104e-02
-1.137261207282251330e-01
1.111327262613700295e+00
-3.210394714900734470e-01
8.825521130217675037e-01
3.331857814409570073e-01
-1.187211935006436958e+00
4.321543134042827305e-01
2.552475764834130634e-01
7.128242572202441174e-01
-2.207273662111866597e-02
8.882038549590312027e-01
-1.161028525664372868e+00
8.546954647537858829e-01
5.637987541271511915e-01
3.096317724488618084e-01
-2.721478661974698898e-01
-2.898185538673886397e-01
1.873789526890486390e-01
4.439375176469202433e-01
-1.039691499963136589e+00
2.172296381586757974e-01
5.522326224781901605e-01
-1.614788600895303849e-01
-4.591347012212228518e-01
2.147271922364989649e+00
-2.555511593457405750e-01
5.315046104735938748e-01
2.651570176311888183e+00
9.889666968639098110e-01
2.268051950108966874e-01
1.675619327771172840e-01
-7.034195221965509059e-01
2.320213070159323487e-01
-1.117826135824601108e-01
-7.939007154140524936e-01
-1.511117329394073394e+00
5.842937406752585217e-01
2.140734900166884613e-01
5.678726220215217779e-01
-3.022457920230013917e-01
-4.905110766636043562e-02
-1.178794179743006154e+00
1.760893969309161422e+00
1.541815739632740323e-01
6.184080939129120713e-01
1.370484331893770391e-01
-4.934738171487175751e-01
-1.105013641551245041e+00
-6.420757064801431158e-01
1.907158244672264136e+00
-6.000162298527924598e-01
-8.086710943073179836e-01
-3.893957393500402930e-01
2.475440951613825102e-01
-1.033441264676134286e-01
-1.549387089876371193e-01
2.212979007858270286e+00
-1.475561812391135430e-01
-3.806159291951384249e-01
-1.718754413383220214e+00
1.021776082479082914e+00
8.374404407092596037e-01
-7.493553311559771890e-01
-9.591642829140098470e-02
1.051070249717189764e-01
2.444834196128276016e-01
-4.075557188792192642e-01
-2.573259307114930672e-01
-1.093223011846669035e-01
9.249598901054085776e-01
3.483064401037001545e-01
-1.194201753225237805e+00
6.000972272141879005e-01
4.441400585672803936e-01
3.379529684006732371e-01
1.822336103265991269e-01
5.932179347648474099e-01
-1.149641272239608103e+00
2.621791514320453986e-02
6.877762067332829909e-01
1.055478907820844858e-01
-3.008979074310986768e-01
6.234920290942602694e-01
2.077340913122333044e-01
-2.236021244644890160e-01
-1.810851810312595622e-02
-1.042624879049057540e+00
7.928310536040987788e-01
1.940255686265570656e-01
-5.560438604726924972e-01
1.363577246614449123e+00
9.383938114071128656e-01
1.509156684968942397e+00
-6.444605088223105405e-01
1.197102197441788585e+00
5.801323070809479843e-01
1.261711830724045802e+00
5.916828354577782223e-01
-4.059061004724250354e-01
-1.706715861885950369e+00
9.147088081107974666e-01
-1.125063839948667876e+00
3.221794659288215734e-01
1.679113895142257951e-01
6.819013567536336140e-01
6.636936929700040233e-01
1.211996497766940628e-01
-1.296683757491132738e+00
-2.183301019480336502e-01
3.806071598248530474e-01
4.310145215693763632e-01
-6.131174981637240728e-01
-2.155841095945157271e+00
3.967011587839567865e-01
-8.395357721790991379e-02
-3.324053592895604980e-01
6.947884621547912865e-01
4.149247517299736177e-01
1.299120149909228417e+00
-2.028412075494161471e-01
4.568802457810361428e-01
2.025640143494579770e-01
6.308008303021803154e-02
4.350931864209788835e-01
-1.664727005582756547e+00
3.744774512360906082e-01
1.152422990178118667e+00
-1.629806044543083088e+00
5.899682972727310348e-02
1.285838961098634048e+00
-7.524551775851741064e-01
8.491948518580816341e-01
3.700103364749145474e-01
-1.580509771323855173e+00
3.555142015639695674e-01
-6.634425393382955560e-01
-7.189140732915223486e-01
8.892936785312179904e-01
-3.661990259213596666e-01
3.615628046182450261e-01
4.134984551819013143e-01
7.131759267727086904e-01
1.740463624854856395e+00
-1.383168122742069461e-01
-2.452270240680065605e-01
1.609934355173909148e+00
6.554512596399628688e-01
1.218323438037371143e-01
9.186249304959592799e-02
3.556192939627474958e-01
1.468099040560882695e+00
1.221130756187732036e+00
2.003212806262772566e-02
9.499305103880911760e-01
4.035467345344920798e-01
3.297462095406038518e-01
1.282458900335219587e+00
