1.262517938557019104e+00
-3.058865110102735874e-01
8.334176994004238725e-01
1.079926226907930026e-01
-1.141419084150950836e-01
1.378169529064500187e-01
8.640274746225260483e-01
3.627574754924062228e-02
-2.897440274804910509e-02
5.213965178853562366e-01
3.792006978646455390e-02
1.731875422755855265e-01
-6.102610119099532993e-01
-2.526011193071570071e-01
3.194014086300757116e-01
2.443956090467880315e-03
-6.107437645500657375e-01
-3.694113714303438045e-01
2.101395934006255461e-01
5.399306198251369038e-02
8.219963302607156130e-01
-2.250143607430288017e-01
1.723632690188400263e-01
-8.243941922608430950e-01
-1.343315932422249059e-01
8.317598216281292256e-01
-3.773552214774854030e-01
9.935476654067523228e-01
6.837856004328590753e-01
-2.765743967474497689e-01
3.127979531937824520e-01
-5.098423780462246757e-02
-9.043809029890442774e-01
-2.661342353225391519e-02
1.023953051443418916e-01
4.829968329175400588e-02
9.269278197535091302e-04
-9.072403248977821411e-02
8.059333063237611450e-02
5.573179090500786359e-02
8.186730688369053821e-02
-5.407762756159485429e-01
1.064653768393907463e+00
-9.455220941951231195e-02
2.015285486224638045e-01
-4.960295080007512958e-01
-1.106183645809711180e+00
-8.321280286076626620e-02
1.324224206350528288e-01
3.015683230401187132e-01
2.093683086888979139e-01
-2.280708120087326041e+00
-1.208981268729379499e+00
5.276751379619564197e-01
-1.201659345751814323e+00
-1.034856803308228823e+00
4.677218785010512359e-01
4.435860715997901049e-02
-3.089839124916958224e-01
-1.597870900762485002e-01
1.268302755342974042e-01
-2.997023216680300695e-01
7.163522882277917336e-02
-4.122250767158470164e-01
-9.425394647421336813e-02
4.736226788993488368e-01
7.697300520218882669e-01
-1.566648299868399208e-01
-6.909819170106642483e-01
1.042377892321456834e+00
2.441477020181462176e+00
1.767253373011860917e+00
7.468494222796873139e-02
-4.705556898540794175e-01
1.418078732035793488e-02
-2.785988599927738396e-02
-2.263247748056174125e-01
-4.411676818707576664e-01
-4.439557081228966973e-01
4.551964228656547040e-01
3.045530348353168715e-01
-7.462006173108323703e-02
-5.323791943174293051e-01
3.529579766321785383e-01
-1.550445656349499046e+00
1.319387021971762275e+00
4.648908206435761747e-01
9.414936505158433278e-02
-7.827763524757375135e-01
1.412241974832538216e-01
-8.445618695190766356e-01
3.759829967202550360e-01
-1.434564839489490540e-01
3.719324340529709949e-01
-1.492145047588616935e-01
-6.027152306768683854e-01
-1.062226024851627842e-01
2.936247045805314149e-01
-1.561600302787133077e-01
-6.587552440381763685e-02
-6.618767028091496751e-01
2.122159294136204410e-01
-9.244088522697700983e-01
-1.749994614363999057e+00
2.103482824851357902e-01
-7.861467766790322109e-01
3.246925961108457770e-01
2.218156724147969383e-01
1.048193733459084342e-01
-1.157458593831500293e+00
-3.204220300641074104e-01
4.751730432745923660e-01
-2.950210376689275660e-01
4.058646028584727561e-01
3.968198482315948294e-01
-9.574631728160645783e-02
3.597706326730604198e-01
2.274207166215650444e-01
9.342919956715201035e-01
-2.811349652683532013e-02
-3.664402512624018726e-01
-6.448904059373936626e-01
-1.110639915772600128e+00
1.767389840421976110e+00
1.405785331169430163e-01
4.867133598330232180e-01
3.680365454459642027e-01
2.354608258929384856e+00
-1.216575751389384896e+00
5.140978806691423042e-01
3.337750631720255989e-01
-6.387266760096426133e-01
-8.792984293010346342e-01
-4.795469328180614887e-01
6.835795315879175105e-01
2.249638629490433583e-01
2.078156901076825824e-01
-5.223323638817698455e-01
2.438831703061443701e-01
-8.232348363410554870e-02
-4.359568455838963019e-01
-1.296664328774532304e+00
7.960828054336359649e-01
9.722551694590300109e-01
2.810161314311214298e+00
-3.430679906979012816e-01
-5.250825785522197364e-01
1.224774251316016471e+00
3.170240265157434623e-01
-1.291565860395319787e-01
-4.834214562817268912e-01
-3.121319067887447507e-01
-2.474400081862648815e-01
7.061251903592294377e-02
5.155283538650385911e-01
5.479684019717905308e-01
-2.391525255894397795e+00
7.931337725738607514e-01
7.902118525399461912e-01
-7.936721536885007477e-01
4.712502028852078029e-01
8.259027903621014577e-01
1.171226253157375309e-03
8.898581295880880759e-01
1.146972632912220680e-01
8.541272394859283912e-01
6.380725571553573783e-01
1.747287869002851268e+00
-2.862578617783758106e-01
-8.069962821345666448e-01
4.339287607693683713e-01
-1.279959773832515246e-01
-3.901758326257115383e-01
3.025954479541844155e-01
1.187087141869710427e+00
4.234871516441629513e-01
-3.004273698835537021e-02
6.137317901267979464e-02
-1.571712078374116750e+00
5.368532899044269335e-01
-6.625855151132460374e-01
-1.937416382462834596e-01
-3.106547758754156785e-01
1.454423131283325121e+00
1.321167197553658468e-01
-1.267810880160842091e+00
1.627851558835967105e-01
-3.632711815109453957e-01
2.098752983586482934e-01
4.037730319276489066e-01
-1.789282581370950365e-02
-8.715902293836983450e-01
-3.262915862046474880e-01
1.436005734769425779e-01
1.276508977693167901e-01
5.355258260743188670e-01
1.246016511568359686e+00
5.810562754069850122e-01
-8.914241726021676637e-02
1.087917173893636846e+00
1.549188022064873493e+00
-1.335996404277769667e+00
7.884515117087162461e-02
-6.033384586348813361e-01
1.549375336656862556e+00
-7.761238652551274431e-01
6.913716327220792435e-03
-2.484322993433818461e-01
3.363048272451696352e-01
-3.488058362477197694e-01
-5.299224678964429280e-01
3.786088026884416036e-01
4.500561307071393458e-01
7.751595460789193481e-01
3.701703493974315418e-01
-5.331844792725726201e-02
-9.536933251888532470e-02
-8.926504527287096313e-02
8.850920120127309110e-03
-5.796788472217823118e-01
1.466446245371538504e-01
-1.225861085063937761e+00
-5.753465294039012967e-01
-1.616133989771663393e-01
4.848402354379797163e-01
1.271319947699617314e-02
-8.673262940950368649e-02
1.236123595995986812e-01
-6.544251210330474799e-02
-6.028644846591757478e-01
-6.980041763461547477e-01
-6.247851502584420569e-01
-7.907445725817312532e-01
3.198440452117129462e-01
-1.154817475178147923e+00
-4.540700045219325798e-01
-1.002895785157388975e+00
3.004196663438908899e-01
7.707028966692393013e-01
-5.138327490697234268e-01
-6.676815968537039847e-01
1.480965389338078086e+00
-7.979655982899882538e-01
4.447188073966591992e-01
-2.448731261666016401e+00
-7.266442450402861297e-01
5.285282883292585082e-02
3.767159714473580778e-02
-2.852983342208640360e-01
1.587888255306378227e+00
1.442945852872224322e+00
4.490887502157202560e-01
-1.201240129173664073e+00
-3.388834769113683310e-01
1.704247182750135425e-01
4.457080117029252886e-01
-1.401547797595383837e-01
-5.239912840643344838e-01
-8.545419136466638754e-01
-6.581284681735245501e-01
-1.024467265338077304e+00
-1.406694378537975132e-01
6.304578268619511761e-01
9.242471194087994446e-01
4.556727975695065158e-01
