-6.065063848574110406e-01
6.419839776149424138e-01
-1.811215132525399729e-01
-2.999508688959656721e-02
9.594183079734442954e-01
8.299536214589589012e-01
1.331682359459767095e-01
-9.224273956445818712e-01
-3.266294360467937308e-01
-5.160679829478882485e-01
2.634534481889523327e-01
4.062341752096490510e-01
4.096052159530663150e-01
5.849458088543187939e-01
-7.574003100771695696e-01
3.229358266399047495e-02
-2.947228577479263367e-01
-5.223480076405945249e-01
8.425353486253004398e-01
3.975776992183693848e-01
1.259624316923912968e-01
1.285868918801146843e-01
-7.194003987104918840e-01
9.054850274386181397e-01
-1.584921130790293009e-01
-2.032700416953065470e-01
1.554523148336672822e+00
2.551122058658284786e+00
2.816754967020322908e-01
1.015634926668702365e+00
-6.551890723103176439e-01
1.832484179027598525e+00
1.047268503709615439e+00
1.022324307042292296e-01
-1.170323755677206368e+00
3.823450185363075349e-01
-7.058635498143103204e-01
1.672215234724006294e-01
-1.128773921819960835e+00
9.603892866018574059e-01
4.223771741128088397e-01
5.306751255908718212e-01
-4.079930451879437148e-01
-3.127694747844678158e-01
1.241321141391327487e-01
1.240417732857689082e+00
-5.942086710321763388e-01
1.844004870950672892e+00
5.553243752424272817e-01
4.403634583160986882e-01
-5.861366350300115102e-02
4.981733700832965961e-01
-1.456882325738103390e+00
-5.797303882202372582e-01
-6.729789884874828321e-01
2.191117519206068120e+00
1.415205429543036519e+00
-1.485307829984870320e+00
-5.295301257513851390e-01
-4.349629167976527544e-01
-3.436762366836043636e-01
3.899584585583347196e-01
-1.246936879963391087e+00
6.531464492868073457e-02
-5.256703248166273434e-01
3.948823743242004247e-01
-6.878398243495339459e-01
-2.467294702758798287e-03
-1.572807599325999783e+00
-8.357777948526101675e-01
3.276350697514167076e-01
-9.036738347321364717e-01
9.105190211970267677e-01
-3.450990622260342588e-01
-4.557671050843574712e-01
-5.491566844143425108e-02
1.821687279109514002e+00
-1.411636210626757704e+00
-4.606565377737833478e-01
-6.711807685609813001e-01
9.565153139384158232e-01
1.422686892680192772e-01
-1.375300496208155532e-01
1.035986420808584496e+00
-8.729405423730306895e-03
1.229751971620090395e-01
4.996959779910018495e-01
1.632692436340004716e-01
-1.853658720643668989e+00
5.483184383518665550e-01
1.254243407564635371e+00
1.648016798345057765e-01
-4.729738663982282487e-01
1.073462262438520831e+00
1.436830941395824679e+00
1.121210751327611055e+00
5.285156095152732103e-01
4.763968604189096345e-02
-4.172339151028282567e-01
-5.952658344816709191e-01
5.309151295705329954e-01
-2.119510090569991512e+00
-1.950648798946355011e+00
3.035399509961711484e-02
2.219633047423937855e-01
1.205612870180499674e-01
1.360341844483085705e+00
7.017119534953984994e-01
8.385689170649631707e-01
2.908958949830443563e-01
-7.705734271257568269e-01
-2.024841938633421101e+00
-4.209893985323426846e-01
-2.534911610781567792e-01
-8.664650544335901206e-01
-3.666442331056082859e-01
2.030490878261224097e+00
6.913874410929212733e-01
7.708265706502833714e-01
4.944812213069493811e-02
-1.161942723429158164e+00
-3.435153675547160390e-02
-7.215537642331465440e-02
1.853505839227366891e+00
6.577842925676516406e-02
2.209562410984015068e-01
2.688763365695445162e-01
-1.762259678451378112e-02
-2.826489062720999867e-01
-1.139140241714791779e+00
-6.054602625611926747e-01
2.720131163865586177e-01
-8.379711465973621598e-01
-8.546256633749389486e-01
-9.863414307468261200e-01
-8.114170336841199926e-01
-4.991103184719296038e-01
-1.327299670108907093e-01
-4.478407373744563436e-01
-3.245153239465959349e-01
-9.583565262718105049e-02
-1.684014720692521783e+00
-7.887791645366226678e-01
4.778581116799726081e-01
1.877560730774172626e+00
3.768892877747564429e-01
4.505937537741200316e-01
6.173649333280766260e-01
1.118600496321510152e+00
-2.934240499104113220e-01
-8.571617763509675747e-01
-1.638163500007928097e-01
3.180107384283425431e-01
-7.698801752500684659e-01
1.167482276583893919e+00
-4.593614263624003213e-02
-1.409177063978636735e+00
7.808394764071978633e-01
1.597112627295296017e+00
2.273598326316681462e-01
1.503241024833420036e+00
1.016426005106757513e+00
-5.131287818476675255e-01
1.343996457773732667e+00
-3.319075639736068228e-01
-1.734324081005536311e-01
2.204976634181067485e+00
-5.958480825158447569e-01
1.141531791800888707e+00
4.675123109306048574e-01
8.280780241340718328e-01
-1.596734151123801793e+00
-7.211286842003780118e-01
-4.196808686803713551e-01
-7.738247627524130756e-01
-4.067125680582834857e-01
5.995220821066343797e-01
-1.840262062848338487e-01
-1.189037994652080599e+00
-7.675277360689252149e-01
-2.996641102962682157e-01
5.393443263589627890e-01
-2.696280119538592701e-01
3.620167604850887955e-01
1.801484815108656878e+00
1.022976677292482872e+00
2.705527489648729689e-01
-3.439380941113453494e-01
-6.580047938126376561e-01
1.692383945511982679e-01
-2.959907397248724426e-01
4.313132625982896151e-01
-1.845155014837610574e+00
8.130182685905414930e-01
-1.120887704670365581e+00
1.082968271353193929e-01
1.195433305130158885e+00
5.995363233625768951e-01
-7.859345195044442622e-01
-7.160553045847590781e-01
-4.618133517287744544e-02
2.203302432851250714e-02
-3.229328907390300318e-01
6.267883097550116522e-01
-4.417621389419957301e-01
9.668577730274621751e-02
-2.214131285040401131e+00
4.117342467426739899e-02
-8.779599105169013651e-01
6.121844157690582711e-02
-7.061860642183762637e-01
-2.223909333371146962e-02
-1.242146332677571546e-01
9.389947337662721827e-01
1.476694586084616734e-01
8.432531633698377160e-02
-4.530531086306201494e-01
9.399842481179918607e-01
-6.273768774313840391e-01
2.498699609564255728e-02
1.667460746861078702e+00
-1.403085517874378629e+00
-7.525407057934914157e-01
1.030846101502467027e+00
-3.898105776176725157e-01
-2.339168497036047123e-01
2.443874233193493728e-02
1.223737525947544480e+00
3.794064648921108285e-01
6.729692886309195099e-03
-6.682114045767294508e-01
-2.106194136347775692e-01
-3.762708336422513899e-01
-1.237370348797538488e-01
1.402677276407556128e+00
-7.302818518037040851e-01
8.131075630257649234e-01
-5.039027688673027860e-01
4.348300142100811616e-01
1.378886676137703438e+00
-8.400891972619108916e-01
-6.091261617871384093e-01
1.684206111462433819e+00
2.121479157236355828e+00
-5.649677373395236568e-01
4.686908686945169822e-01
6.743155139851758628e-01
-1.103700104414617966e+00
5.186115995661029210e-01
1.635422036963829706e+00
-2.325860472630548514e+00
6.104865325860744929e-02
-3.627518004283907249e-01
-3.663867382874743672e-01
3.019917466042009835e+00
-1.010795696602969862e+00
5.731164357721897362e-01
-1.645795351471462942e-01
8.137361909263157722e-01
4.961277976435720660e-01
-2.791068370888284411e-01
-5.954890193506932050e-01
8.250602933132072936e-01
-1.864411891106918517e+00
2.196842142411792764e+00
