-5.227103976777878191e-01
-5.260430311465015274e-01
-1.182774826986968397e-01
9.656310747035296016e-03
-1.953779947785988513e-01
7.605034565413177905e-01
6.393678594547440586e-01
4.443691469313724718e-01
-7.861932980866107035e-02
5.884698142525413012e-01
-3.395942022965549312e-02
4.039204276512492475e-01
1.401882305148777874e+00
-2.511616779319992832e-01
-4.733966206975496749e-01
4.997714998830905531e-01
4.650314874776373397e-01
-3.532959966833854049e-02
1.412556994803070065e+00
3.005849721808297570e+00
5.373578567594832212e-01
-1.704408136989310041e+00
-5.168355385882816844e-02
2.908554139521898202e-02
-6.986991548317142420e-02
-4.521580379411620498e-01
6.735279820593710332e-01
-1.920206221856720907e-01
1.624975885552400190e-01
1.823364209015519766e+00
-6.443919890490588109e-01
6.436568309555957823e-01
7.390757251712201104e-01
-3.489541671702842685e-01
3.766097043860192062e-02
-1.180543250382352083e+00
1.777840074696947215e-01
-1.686628989156606084e-01
-3.896131817454993040e-01
1.140097456226838446e+00
-1.131651732189124848e+00
-1.101508627633865256e+00
-1.758911285583809880e-02
4.235215654652154660e-01
1.515614573221484851e-01
7.689805725785594515e-01
-2.293866029088098557e-03
3.781067584307996610e-01
4.160311137857642949e-01
1.308524808942101991e-01
-2.182638458499776668e+00
1.276461571574470377e-01
6.830898261220998968e-01
2.760143057758462359e-01
7.079837803501467519e-01
5.076797624232733952e-01
2.386397398796651359e+00
-4.294853406044080724e-01
-2.810688811870887815e-01
1.544230010122976393e-01
-2.678470647683537376e+00
1.157612000431171573e-01
2.789105781866606515e-01
7.226007002828082060e-01
1.485882472464729320e-01
1.178200200546600240e-02
-1.202762957320250292e+00
-7.092800326331489824e-01
6.996853875826414271e-02
7.536764359574770200e-01
3.381507863702059580e-01
-1.145386927070935146e+00
-4.712820612549922239e-01
-2.695912781170168304e-01
-3.721091085996695025e-01
-6.693732024497233146e-01
1.792018336736840856e-01
-5.159488333913735403e-01
6.444506804663545640e-01
1.805765856817078407e-01
6.499333022918645231e-01
1.995444658169837293e+00
-1.159413025573454714e-01
3.619372307130074851e-01
2.964869360430108514e-01
8.711114525212870774e-01
2.524683699913917501e+00
1.396982414037262421e+00
-7.806218637467774446e-01
1.560579732066784020e+00
1.891267513854254290e+00
9.355453203318613298e-01
-5.463227547122497807e-01
3.966925259491754785e-01
5.450649040751551766e-01
2.015747808243892603e-01
-8.876798752933924286e-01
1.936340426310134255e+00
1.145531735940664264e+00
-9.389694099560347285e-01
2.099182830861805460e-01
-3.314435712189636174e-01
6.441526111502142091e-03
-1.118745828312170287e+00
2.246812712958144026e-02
3.715914777886610704e-02
6.849780972939485402e-01
3.126743807526479735e-01
-7.997860591708444433e-01
1.379795842096400049e+00
6.769000035571510754e-01
7.241475481042203288e-02
-3.340581208547741543e-01
1.987488917500745078e+00
-2.958969676081287803e-01
-7.127415993395846971e-01
3.967903046135538014e-01
8.815785649752111430e-01
-1.285449675329247254e+00
1.123554397824610973e+00
-4.586948818951891438e-01
8.173224457661287801e-01
-1.529972917050625103e+00
2.124266977668833600e-01
1.369310868719606944e+00
1.013129053440774419e+00
3.747320247048380182e-01
-6.118886353152412916e-01
-2.342861152160488070e-01
6.077965371353009072e-01
-1.249200212043780345e-01
1.076228361363330110e+00
2.243677990725056581e+00
2.185527669742102663e+00
-6.226495809536469750e-01
-6.159910567760511213e-02
-4.657770153547329262e-01
1.094227910155371464e-01
-1.521862777531273470e-01
-1.250333557996095690e+00
-2.536804751957610349e-01
-1.014316523417248816e-01
7.567094121076398672e-01
3.049502623527652889e-02
-1.366608797719134571e+00
2.575676283766926700e-01
-1.159822748408625981e-01
-1.307833861420539534e-01
1.482065004622807325e-01
2.787707042202569596e-01
7.262719057648061582e-01
2.646098559254023153e-01
1.681106616477260118e+00
-1.444324087474886664e-01
-5.123204700703909431e-01
-1.447526673302996503e-01
-4.971006011986334183e-01
7.516703375061501990e-01
-1.860052513728807089e+00
1.359531175184265084e-01
5.293944163918640200e-01
-2.474307226031577656e-01
-6.216019412428166468e-01
-2.103593142858779241e-01
4.337566444467639282e-01
5.326546480702225583e-01
3.180630269609215910e-01
1.410702812306379172e+00
-1.013666076792082982e-01
-5.093678646970249968e-01
1.582972366313651347e-01
6.948181906250064932e-01
-5.651610036440690710e-01
7.020597194573140465e-01
-1.370551359067395114e-01
-4.246183167004001779e-01
-8.009647763305671742e-01
6.135145682235896292e-01
-1.657007342042915443e+00
3.383818431721695164e-01
7.937955033889526613e-01
2.303221281911543183e+00
2.419068731491709479e-02
-1.202661249425348577e-01
-1.709372255707446442e-01
1.362588112834567156e+00
-1.145285364035619979e+00
2.367496164534568237e-01
3.517716619609606576e-01
1.607777824439931003e-01
1.206977194430083888e-01
-1.484537538668331491e+00
4.656586867147864961e-01
-2.238659215581930262e+00
-4.704671945041211667e-01
-1.037192717838692380e+00
2.831407967543941306e-01
-1.415444236417945090e-01
-7.373874774772895546e-02
-2.865765726512490286e-01
-6.626379014947378909e-01
-7.496425677928083564e-01
-8.013354205159496368e-01
-1.257284059850331537e-01
-2.928467912499824743e-01
2.912554573628090004e-01
3.980579305777198762e-01
-2.152798565619183369e-01
-5.244715814444940172e-01
-2.033924701582559003e+00
5.811070263605437880e-01
5.566888163478910245e-01
1.113252216404798378e-01
2.431308095533892377e+00
-5.240573722114527655e-01
-5.031624594680361717e-01
-3.871786253562845559e-01
1.636176791117779139e+00
-4.757271732205233805e-01
1.637588044456118608e-01
-3.138945138936321544e-01
5.993210482430189057e-02
1.388934086415340163e-01
-4.297164438773699024e-01
1.145952061715131087e+00
-5.270697571023756911e-01
7.189837686593326949e-02
5.484910262685247506e-01
3.808608132252720990e-01
1.371115425206172578e+00
1.925442598375402825e-01
3.358208161569932737e-01
-1.958274110573565985e-01
4.483544562978170056e-01
1.998265246046411203e+00
-2.696307784791773798e-02
-4.045974721809194596e-01
1.009826837101910790e+00
-3.597177598876155624e-01
1.418652271116560559e+00
3.687876211956768735e-01
-3.196557166935105609e-01
2.680132164778920578e-01
-4.824244133778696764e-01
-4.038499035085444944e-01
-1.447334757833318886e+00
-6.968482511278415448e-01
2.807349015686519955e-01
6.500188368105251635e-02
-5.625858122408651241e-01
-4.359369758049721488e-01
1.321795353149465502e+00
-4.026599254491315949e-01
2.257284135313498974e-01
1.906564252807535276e+00
4.723768263841545689e-01
2.345603699849055923e-01
3.213666687687471990e-01
-2.210797049962496541e-01
2.527912567173830616e-01
1.197485877116760244e+00
-1.694320290654731387e-01
1.738790924847004593e-01
-1.443677366124562544e+00
7.519931491649097799e-01
