-4.723460790526698427e-02
-3.060390912023642773e-01
2.925881779822834816e-01
-2.124894122265362506e-02
7.474391016283736811e-01
1.169759988641221993e+00
1.057431542582716766e+00
-4.379091752370511959e-02
7.496996657464017888e-01
2.893991146700142791e-01
-5.676379037254975640e-02
-5.592422233909922769e-01
-3.197617256081876080e-01
-4.410037543111125502e-01
9.805703677969828114e-01
-3.575586350088059695e-01
-1.181788410298293818e-01
-1.319438954673843867e-01
5.654157275979058983e-02
-3.387461038096685750e-01
-6.112992039114033549e-01
1.578500627378099264e+00
2.100886204771978072e+00
1.055327215058865953e+00
-4.309008194202819109e-01
-1.550091068170217912e-01
-1.436461642195024924e+00
-1.188966382082002893e+00
-3.201516129569807134e+00
4.014336694486877466e-01
1.469716993938079419e+00
6.011947958935353054e-01
2.901022126333931417e-01
6.804381892334133708e-01
-1.627245329257102746e+00
-6.034446689121718277e-02
1.172754058582757275e-01
-1.632910343649854878e-01
8.807136429123800514e-02
-3.803844182193339418e-01
-2.957869622688028555e-01
-5.573946698464506133e-02
4.757002447561206604e-01
-1.456380129615506114e+00
4.114816595232795304e-01
-1.469197617836008662e+00
2.100946927903972750e+00
-3.660475865040355714e-01
3.016942407709430340e-01
-2.815347758178110560e-01
-6.886316782643224776e-01
-7.418200052720490545e-01
-2.469750909097733760e-01
-7.347406202459256797e-01
1.617747894277443699e+00
-5.667974211444137822e-02
8.137542232489586302e-01
5.719626272148934515e-02
3.647049608239935625e-01
-2.046883119280257013e+00
-2.752898684344396996e-01
6.087650727692716091e-01
2.037365708070020820e-01
6.258503718166980034e-01
-4.043932278974368133e-01
-1.575299052411456568e-01
1.095279920720115152e+00
-7.717560280021646957e-01
1.044817396332911263e+00
2.707086217817705753e-02
-8.151957438620869301e-01
5.722411805783421401e-02
-5.313587759776881025e-01
-1.095258308699136762e+00
-1.443977993132574023e+00
-9.187895716951571812e-02
1.488461851398281466e+00
2.243451307770674696e-02
2.887035048582594077e-01
-1.924335249860161662e-02
1.112534056907939384e+00
-1.913957394792770383e+00
-2.072802517227002372e+00
-4.062843272318468757e-01
-2.317181542299819874e-01
-2.647017553162228420e+00
5.379302783045381009e-01
-1.282895241592759916e+00
9.952476208787619516e-01
3.646960703863587616e-01
6.528075422831159935e-01
4.374107093837466542e-01
1.747017750525457158e+00
-9.678572526270676768e-01
-4.207661167899384158e-01
-1.131485369796348811e-01
4.968878376646724826e-01
-3.643958187190095566e-01
-3.021659551029070578e-01
2.924286783765369102e-01
-1.487498932514491057e-01
4.569287028781977567e-01
-4.617666743174193567e-01
-7.078493228685347471e-01
2.510021810628024902e-02
-1.249913917439407496e-02
4.179807923616455922e-01
4.390701733466901846e-01
3.638961839826981848e-02
-3.178170341797277587e-02
7.683822398840898238e-01
2.852373078635426773e-01
1.305804327972884149e+00
4.955880745803692422e-01
1.704894333919619309e-01
-1.041278147091470041e-01
-3.864843700242455160e-01
6.469535335442757606e-01
-2.086053496001482044e-01
2.278813395438791245e-01
-7.586802144960067551e-01
3.479871567256960230e-01
-1.188087487712507828e+00
-9.590698844822493907e-01
4.344731262642529401e-01
-1.165508560730780463e+00
-6.033111363036539609e-01
-8.972581621469244428e-01
-6.533939451351815364e-02
-1.429548822533144525e+00
-8.351830699699336336e-01
-2.973753836531513040e-01
-5.175011547046399762e-01
-1.795109542753113852e+00
-8.004120414765580893e-01
-1.170759284215030949e+00
-6.240551865742389737e-01
-2.116595739227085993e+00
-1.840939239682660433e-01
5.914791188832577706e-01
-5.070737433428298413e-01
-1.352705119235458664e+00
6.770476709277887251e-01
1.447823276577058227e-01
-1.754413870211292692e-01
-1.458963441900617442e+00
-8.104935582360137114e-02
2.828118733318388811e-01
-1.072875603582479354e+00
-4.189315132742105763e-01
1.357904169096252778e+00
-2.881968997794749909e-01
-4.982062301883735111e-01
2.990005995694883234e-01
-2.093899443566374696e+00
-3.217736669456625620e-01
4.871787689798451337e-01
6.137533996274060488e-01
8.852920958054817380e-01
-1.587572873661065587e-01
1.219158940915536921e-01
-1.994002727330068669e-02
-1.028297041905359699e-01
-1.188061315362511028e+00
1.633085847254091977e-02
2.824344273322884069e-01
-9.740213140206730458e-01
-1.613789036433413773e-02
-4.449580234693954750e-02
2.171616214506613685e-01
-2.422348273783259676e-01
2.043872938573418618e-01
-3.643819128637158788e-02
-6.103500028284770673e-01
-6.759340530460445917e-01
4.893367024893241490e-01
-6.498026769516140888e-01
-1.165845434186844942e+00
1.130876556174066572e+00
-7.449811285836605013e-02
2.777807193901501215e+00
1.174109143582877934e-01
3.171012304147586280e-01
1.827437632839416626e+00
6.469462869222845081e-01
-1.122547508267984995e+00
1.215577291799356585e+00
-3.144111733239954298e-02
-8.486460361286166654e-01
-3.838604303189963596e-01
1.180778935390025763e+00
1.325293796532575064e-01
7.477358388293582347e-01
-2.809334570057551717e-01
-1.113700228218901689e+00
7.199844416114086210e-01
4.442522543553668601e-01
-2.979736227650282565e-01
1.007170857667541330e+00
3.930229560406641731e-01
5.893566643116406878e-01
3.332203068508695631e-01
1.530772748097126712e+00
-3.422164706188645100e-01
-4.515774005928403501e-01
-5.388669079056823685e-01
1.130816003685972682e-01
-5.709409560693216173e-03
-1.439916564124621087e-02
-2.014753241342023826e-01
-1.450106141341914956e+00
-7.508677175968077044e-01
-1.317718869096150769e+00
4.094390783503540909e-01
-1.070430363445795119e-01
-5.771872305313739959e-01
1.585882223648156786e-01
3.613849737990493249e-01
-1.687635610291684796e-01
-5.432574924269606420e-01
-2.886500021253914028e+00
5.606736799305305219e-01
1.934604494370422145e-01
-4.683545413771278421e-03
1.970921830265268682e+00
1.015640558195192611e+00
1.207205948481145930e+00
-7.391496683260199152e-01
2.788500571659934479e+00
1.546166569406229208e+00
-6.466068392928659980e-01
4.496558932631919414e-01
5.024887127171859813e-01
5.757678118393586703e-02
-8.439350298972033704e-01
7.316522481160826485e-01
1.334316743752425705e+00
3.792886148623106912e-01
3.929425390487373826e-01
4.236654065454362184e-01
3.313549419581706346e+00
-1.933710635548906431e-01
-1.155859848547933222e+00
2.531751585226994505e-01
-9.743086489468602007e-01
4.026065977752594227e-01
4.677180966902538817e-01
9.758655328721462796e-01
-2.390258046250061941e-01
1.128021601318783596e+00
-1.474707318530641409e+00
-5.961344894125878424e-01
-6.108553236731079084e-02
-4.774574040381667772e-01
-1.906161765427261401e-01
-1.355961288710529344e-01
3.076383144223101551e-01
7.705626165917383030e-01
1.403490820905730629e+00
-4.149920540322978302e-01
4.701521023867736293e-01
-1.159090466379138151e+00
-4.743674223016308145e-01
2.403348034330970995e-01
4.979292516222110221e-01
