-1.175616700328716013e-01
8.438895214688992008e-02
-2.800491912158759034e-01
3.671345866371095168e-01
-8.071923384123688150e-01
6.439625057390071516e-01
4.312250769295102870e-01
-1.853581639984687168e-01
-1.066085247493448129e+00
-2.019561752558108880e-01
-2.277612064916356427e-01
1.498911477280646942e-01
6.737369136478400522e-01
-1.046105268452225956e-01
-1.585213661931160478e-01
-3.455545625309348612e-01
1.925454424162846845e-01
-1.835071400607556080e-01
1.471528676787479561e+00
-2.467275770264284462e-01
8.442962112223834081e-02
-1.459353029433117399e+00
5.478784769432420987e-01
-1.154515970634787836e+00
-1.280899850178264521e-01
-4.182943494738503021e-01
-4.001274718421829468e-01
5.875609121868380358e-02
2.956853663755432127e-01
4.399045892802229130e-01
1.177861240172067836e-01
2.013320596131427109e-01
2.680488156288575730e-01
4.723304976190192961e-02
-4.867346076549410316e-01
-5.593405336231666025e-02
-2.132102160310463401e-01
2.141646216420424187e-01
-6.079799028830936702e-01
1.622967145165742364e-01
6.643354616018902759e-01
3.544435004240655829e-01
6.669304394122180790e-01
1.152883555708906771e-01
-1.845648238376293993e+00
-3.278898314239353518e-01
2.664681236628080874e-01
-3.430914041067693876e-02
7.538681836270819114e-02
2.605141334428466293e-01
-1.972292712435973705e+00
-8.984432041903593902e-01
-2.101441328944480269e-01
1.447066236293338193e+00
7.589367886836368982e-01
-2.208102271352106349e+00
3.895740386588707471e-01
-1.687559944041734816e+00
-1.577149652489120424e-01
-5.026633944475969451e-02
8.202342425796893544e-01
-9.045984285028098038e-01
-2.462502587505198681e-01
-7.038631728414999900e-02
9.990019638937713831e-02
-1.190846097087379984e+00
9.997415422984183841e-01
8.345182412560850360e-02
1.001430073992089387e+00
9.353526383830337299e-01
-3.248891665043750487e-01
2.504072579141162436e+00
2.639218286042130379e-02
-4.802456658462449512e-01
3.250103730379980127e-01
-4.440444986077368705e-02
2.068150339759417811e-01
6.252903462585684968e-01
4.670848248814459813e-01
-1.890759187450410383e-01
-3.555644610559363650e-01
-1.334057522046899202e-01
-3.962975529671672326e-02
3.265813542817310733e-01
4.914320389669968314e-01
-2.981145168499860776e-01
-7.645032306207214523e-01
-5.610328101826909108e-01
2.570593764901496492e-01
1.513706772157409786e+00
5.218168049587252888e-01
-2.668655692054370809e-01
-1.493928265711662595e-01
-8.211294564684666619e-02
1.756054320211710151e-01
7.467901246034314156e-01
-8.061622581536490584e-01
5.447127424556147401e-02
-2.037100893232635546e+00
6.646293748461709061e-01
-2.290248796152742350e-01
-1.673663788518225948e-02
4.841450017493372227e-01
6.198939562995424424e-02
-4.627962405277157298e-01
2.519518814111452176e-01
2.238392272536945948e-02
7.728977755620749512e-01
-7.102257163086880820e-02
2.244718830039067470e+00
6.258260956554695387e-01
9.519936510635278459e-01
3.967557499646882646e-01
3.109943276396108236e-01
-9.507198026083582554e-02
-1.229521171600368723e-02
-4.488303464037613488e-01
2.363815059762603976e-01
7.277280136479279404e-01
-7.636201313847210681e-01
-9.716302000709484687e-01
1.040275416364055960e+00
-4.730794332089567344e-01
-2.752632245637373631e-01
9.224040031668043760e-01
-4.527650031914402518e-01
-1.162365543000612123e+00
-1.821988750118933131e+00
-7.705798136918694530e-01
-6.479506241559748192e-01
1.588730585950149932e-01
-8.811674666637336895e-02
-1.300093048977029708e+00
8.694976869174556589e-01
5.747535342479032083e-01
-3.159678939408970821e-01
-3.280736201216105652e-03
4.688705578504540061e-02
-1.037033208823704200e+00
4.558660326184290068e-01
-3.012497796863434218e-01
1.635657776932653906e+00
-4.383604391967011460e-01
-2.318152742641631792e-01
-5.583094104557237980e-01
-9.190968901921024725e-02
-3.627189426127511163e-01
-4.675220288916127620e-01
-6.763218164862223603e-01
-9.169998198975432002e-03
-4.410820239312792657e-01
-6.605047760352711350e-01
6.983610211847552929e-01
3.837374223356715408e-01
-6.488060428564423887e-04
6.432155749322459037e-01
1.339869011486173322e-01
-4.752473783226731641e-01
2.948184941428416694e-01
3.624938377595396388e-01
-1.121223137214611754e+00
6.061108976534871351e-01
9.532019292402052479e-02
-7.526484444827584441e-02
-5.405417669040253337e-01
2.333707680765890191e-01
1.504117074439454971e-01
9.529037229139850074e-02
8.870596976257231203e-01
5.073414609643140949e-01
-1.800650474836282822e+00
-1.559440114479963002e-01
6.954837751557102488e-02
-2.293359527828336963e-02
-4.442005737835184043e-01
5.784898291350994981e-01
-1.394800310081394379e-01
-2.250618410444015782e-01
-7.380750110586171697e-01
-4.222548650617201083e-01
4.230178389599661415e-01
-2.992927577161736963e-01
4.376649112059973756e-01
5.887247367230286077e-02
-1.867833468895782056e+00
1.399566664114482439e-01
-3.190615195237310187e-01
1.408197633341902177e-01
5.485125889089500495e-01
-1.752720427337693676e-01
-5.400545970235457460e-01
-9.069416461848048283e-02
-8.063384296068459856e-02
-1.313229108350871463e-02
1.465061435754541064e-01
1.295433936801504426e-01
-3.201243382518608183e-01
-4.509228139032013805e-01
-9.256012322461677488e-01
4.185939722485896297e-01
2.364250972620129954e-01
-4.019349064770549318e-01
-5.352333194914487002e-01
-5.008927994047993049e-02
5.812742827594370443e-01
6.386045414769856432e-01
3.314452878830170257e-01
-1.483699638750915595e+00
4.377003527720442766e-01
1.211718838385303920e-01
-9.988747069661086941e-01
-6.846091959990655562e-01
-8.168318307680175749e-01
1.018257315957705300e+00
7.399489801736968131e-01
-3.143019225548415729e-01
5.471994140268467144e-02
-1.784028182849174693e-01
-1.096915737870023833e+00
-6.675058524962709239e-01
-4.451860845321764515e-02
-9.184108983129429804e-02
2.833206156057938019e-01
-4.396400792446699679e-01
-1.259444444822750697e-02
1.124697021002353470e+00
1.347966437918424465e-01
9.648546882152578275e-02
1.757886367384025872e-01
1.197334915094488306e+00
4.008545061758109762e-01
1.390237399836837251e-01
2.768291883345713744e-01
1.779299736145246502e+00
-3.451495470571351865e-01
-7.796408287185235819e-01
-2.072698364363085854e-01
-2.243692993198669883e-01
-1.429715679154413444e+00
-5.395526258744067771e-01
-2.746864062746491308e-01
6.993186481882193162e-01
-2.300326762198754427e-01
6.376026436314523593e-01
7.922950334335909783e-01
7.492018708367516044e-01
-4.506361025355200001e-01
-3.259193344482086419e-01
-1.792812252814671492e+00
3.754301157422225144e-01
-5.325803234225781058e-01
-7.083791832029238122e-01
-2.421072457843566283e+00
7.042868054909726672e-01
-8.734423098536860941e-01
-7.883162387480575628e-01
-1.057263582221356302e+00
1.266881509118657156e+00
1.869456776330024050e+00
-1.320642867631535156e-01
-2.966641983422389495e-01
3.852672658839924047e-01
2.528715780640799604e+00
-1.874034110699878686e-01
-3.638886817460215140e-01
