-4.297795290290699066e-01
9.601790091562970586e-01
1.476139112183418034e-02
-1.571656614534065355e+00
-3.100154535206779416e-01
-1.265352767910158105e-01
2.488391149435746019e+00
-4.526761238878853622e-01
5.119936523350735458e-01
1.580835635219174806e+00
-3.422338556437380941e-01
6.429878575843070987e-01
-5.906183283433684705e-01
-8.007885666142576520e-02
-1.443311105148130880e+00
1.009494476471255037e-01
-8.423348721715613330e-01
2.798658255239644399e-01
3.725399381525023590e-01
-3.173351279839276007e-01
-8.887090721357101541e-01
-1.323875738578256245e-01
-2.915528861944528538e-01
-1.434694419072186644e+00
-4.583665795065466897e-01
6.023337060843758639e-01
-8.174344660193323397e-01
9.572068789780566189e-02
2.079122086123011970e-01
4.648986898954512448e-01
1.101474828883686419e+00
6.849724048024428968e-02
-1.825276424857650293e-01
-5.708841776991184780e-01
-3.722882183452643767e-01
-5.644473688443790715e-01
7.114272574984693565e-01
-1.288034168191631856e+00
-1.437709341811109209e-01
-7.146676116792717304e-01
-3.443518619892733668e-01
-1.681065838175378691e+00
6.790387566685084364e-01
1.687300592439610503e+00
-1.569382047696358251e-01
9.739343616927971237e-01
6.332097077050109490e-01
-4.999736315846742274e-01
-1.784618555936427764e-01
7.808829455880039738e-01
-7.246536007712556238e-02
5.224253983599067563e-01
-1.025202896218903703e+00
-5.549950352537058595e-01
-9.934899868284418067e-01
1.356156080627847871e+00
-7.960857035488495548e-01
-1.067269856580562060e+00
1.344907047311805437e+00
2.600581526687811840e-01
1.003478350792848639e+00
3.425716694308804655e-01
1.041905067111732697e+00
8.128453946676772457e-01
8.272098097067716038e-01
-1.640164008478046664e+00
-4.949729241291927484e-01
6.740009419361994158e-01
-1.302754910758118889e+00
4.820875992440352142e-01
7.265317778972708584e-01
-4.816566201940790659e-01
-3.587961868291965617e-01
-4.018916710925907743e-01
-1.372675851656321777e+00
9.915303170729294902e-02
-1.745416660013137111e+00
-1.299527588390755328e-01
2.486581674554318167e-01
-5.528231275616218854e-02
9.373749378657458831e-01
1.413936379678232824e-01
2.702000771009416824e-01
5.017141451166754473e-01
-2.770847435657897151e-02
-1.040896495663367616e-01
-4.358598961181717746e-01
6.242872863720241305e-01
6.336500291925316608e-01
-1.602190394665183870e-01
2.105530153240720459e+00
-9.693052487147149066e-01
6.593818204572365893e-02
-2.812469697409841207e-01
-2.135599195499799041e+00
-4.206633610087803787e-01
-4.551987502924457751e-01
1.744158327094765593e+00
-4.854128989644059256e-01
8.399999103430326741e-01
-8.835849873628072171e-01
1.968173831298807019e-02
3.134536563697111755e-01
-1.845515420713953747e-01
-6.719997526503875829e-01
1.412000884657615973e+00
6.705372477150768340e-01
-4.041273762461659036e-01
5.177212364412342449e-01
1.261273086079488071e+00
-1.988968336835407191e-01
-8.927284866003598607e-01
-5.094050069949556114e-01
-8.517760460383732024e-01
4.682054604772188378e-01
2.413799838558365607e-01
-1.507992886042903935e+00
1.106321355415554653e+00
-1.529411865557865347e-01
1.080894677340811683e+00
5.057262933141956074e-01
-7.842148201099022331e-02
5.300507242763397020e-02
-1.717128597029588644e+00
2.274510790972610885e-01
3.916355903167150210e-01
2.951605199061287932e-01
6.766945855574781898e-01
-9.919233850675125419e-01
3.096802314769364073e-01
1.143020688075726099e+00
-6.066805042442249274e-01
1.035097519743562788e+00
-4.474392314396040682e-01
-4.530502213304685721e-01
-4.695443818329666508e-01
3.478982467318567084e-02
5.356338286242002811e-01
-1.404005614693866422e+00
1.336063597988857765e+00
1.024225283717154156e+00
1.575165236415750458e+00
-1.567535354183709595e+00
1.753583380835821437e-02
-1.153784698826826327e+00
-3.177158616357103060e-01
7.261617250293501691e-01
4.106729022754233849e-02
4.748897192817744806e-01
-3.592448155740013416e-01
4.330191728807495921e-01
3.138199282530530487e-01
1.255794578164856068e+00
-4.049018778742708435e-01
-2.589923937549131749e-01
-2.626313217037483660e-01
-3.122155429927431780e-01
-2.233025255529779596e+00
9.467906156331823420e-02
1.117782993235294287e+00
7.919177809475997920e-01
4.910207111408368408e-01
1.939150625531016470e-02
8.737872414961832535e-01
2.793666124858797950e-01
-4.249383947947333318e-01
-9.103337507480850910e-01
-6.927532043191809707e-01
1.067473063526400257e+00
-4.104534269407909552e-01
-6.206483897099912550e-01
1.484057216690343184e-01
-9.738036726701816415e-01
-1.013673268293326490e+00
2.478081408815639153e-01
-3.747420558843890803e-01
9.995623676901146393e-01
3.806450074899073721e-01
3.158729222850565899e-01
-5.131129695781522226e-02
-1.527506484593279534e-01
-5.909642741743871275e-01
-4.630727150588564989e-01
-1.107635097578875683e-01
-2.278042216507234929e+00
-1.570094630056533547e-01
1.211116998724607319e+00
-7.223236240208354975e-01
-6.973878377181521593e-01
-4.931664843669497644e-01
-4.228277827073295692e-01
8.593639253256771249e-02
1.343233456207860721e+00
8.591732180546408915e-02
-4.059207481980433574e-01
-5.058680151472041420e-01
-9.919697398084614814e-01
-4.350991345590782267e-02
-6.922221676260271739e-01
3.472331584415604966e-01
-1.467251598802752133e+00
-4.863688276879577499e-01
2.296674340168813333e-01
-7.438562404343711520e-01
6.611662923875458175e-02
1.172118019353063367e-01
-3.469120505140751431e-01
1.611950073010968154e+00
1.052115856260787130e-01
1.448780954627405526e-01
-1.061200279685712289e+00
4.010109447229778246e-01
5.553640149185865571e-01
7.946519713380445493e-01
-1.616165058337512006e+00
-7.556466768193033090e-01
-5.879884212559178813e-01
6.872637144658729769e-01
2.245655461315524196e-02
3.215117356003988291e+00
3.693061609582254934e-01
-1.039463282220078888e+00
-1.654177031361208527e+00
1.565694785026827685e-02
-4.260641375265961650e-01
3.561566045221338239e-01
1.807334095492388659e+00
1.077220102134258006e+00
1.139005832418089614e+00
-1.107727302597010910e+00
9.628425321073125209e-02
-3.014462711919532190e-01
-5.304477829955687174e-01
-4.679402129895314233e-01
5.178856534438218417e-02
5.321574527559098655e-01
1.296651700030983179e+00
1.628040366015339080e+00
1.015226292693688498e-01
1.825443536781105935e+00
2.885944269499567838e+00
-3.595393797467203584e-02
-7.715753469810577858e-01
8.439332887724187993e-01
-5.744702220967390360e-01
5.244328734788811230e-01
-1.762341088952297241e+00
-1.893396817828904011e-01
-3.791414804213367740e-01
1.600469592151694043e+00
-9.744743911844913065e-01
-2.018737023607584252e-02
-9.738882286476682193e-01
6.764258621247476455e-01
4.360478125277979511e-01
-5.958918756062189237e-01
9.965072142521258503e-02
-2.902343272562538101e-01
6.023953010197854452e-01
1.049426874329687065e+00
-2.827206961072542768e+00
-1.403724619355808390e-01
2.616937299634510827e-01
1.301307385512870285e+00
1.364390085704792144e+00
