-1.144024920639897580e+00
-5.091329548721812426e-01
1.108452958087440043e+00
7.708491588261077165e-01
3.424258975974111552e-01
-2.365671998655940189e-01
2.670740022467978481e+00
1.539907188564675622e-01
9.965913430582928889e-01
-9.953112727549731087e-01
2.642494467802981029e-01
-1.366834704862245897e-01
-3.073093014596318673e-01
-2.202910462874554665e-01
1.097803968271862107e-01
3.024488458064996665e-01
6.787730951852585237e-01
-7.075620924984549198e-02
1.066495223989469970e-01
-6.896876133547927834e-01
-2.956855817865214675e+00
-5.977141378513215475e-01
-2.988261671204844871e-01
-5.562916000252259296e-01
-2.845628615125164185e+00
-3.569322126650751326e-01
1.490397237141654063e-01
-5.114802324684363244e-01
-1.145886119256433605e-01
-8.692344725251017756e-01
5.529940092766784110e-01
-1.161676194081583402e+00
1.029431314456661584e+00
-5.784069556092805708e-01
-7.674155588113634741e-02
-4.337980188081099198e-01
2.709286662688075720e-01
1.126917310410453371e-01
-1.246065803201507893e-01
1.084992660405057041e+00
-3.396057567472178795e-01
1.379459492213750693e-01
-1.649041674661299028e-01
-6.664264176961598451e-02
-2.916351144555268116e-01
4.352513151181188200e-01
1.222043238092954676e+00
2.188324051750745181e+00
9.661877646068300907e-01
7.729058292649684248e-01
-1.626088242176630949e-01
1.612198872562000007e+00
-2.223471403626461118e+00
-1.033302583908797256e+00
6.439380108149284077e-01
-3.893604983944201070e-01
-5.692734158826597834e-01
2.179276442987840845e-01
-9.580608468223625329e-02
-3.189824660632837872e-01
5.087786865817545134e-02
1.949037717515569312e+00
2.276698938134338324e-01
-5.567085270863105784e-01
3.053384739517465141e-01
1.937115012739434317e-01
-1.045938088469583249e+00
-4.613357062435992084e-01
-2.789509064314153797e+00
-3.059393234546698981e-01
4.715011858241658915e-01
-2.994774181495289067e+00
-5.391272313281988415e-01
1.163524480002059436e-02
1.445166638766685274e+00
-4.715040162691167686e-02
-1.203053092968513038e+00
-2.003025069006319492e-01
1.226718377384087955e+00
3.783824904639732090e-01
-5.174945185624412192e-01
9.028916602852055107e-01
-9.469222724596763063e-01
8.904146273285437063e-01
-2.800295396103004153e-01
-1.256400124328057033e-01
-1.711346953742454380e+00
-9.920279320277141100e-01
4.205078864935050120e-01
1.035565863456737040e-01
-6.314241136817015931e-01
1.625885258399442090e-01
5.193719496618534048e-01
-2.305166625794280999e-01
3.174716032746232042e-01
-3.759932439445219932e-01
6.235408222923959354e-01
3.199875767147830063e-01
1.186900003777291712e-01
-1.223820616569516240e+00
-3.420117465418578973e-01
4.550385181034494186e-02
3.690627889524097371e-01
-7.394753929949637872e-02
-4.201124645147000791e-01
-7.366411751699095678e-01
-6.685766589292168049e-01
9.911565163392149769e-02
-2.603194100083442986e-01
-9.559463538065686716e-01
-3.933247221565177032e-01
3.225613304573613505e-01
2.613937040623571795e-01
4.721140442970285789e-01
1.783669393515143753e+00
-2.371015101348423193e-01
1.073517902049658357e+00
-1.513437132557126363e-01
-1.474027597248798838e+00
1.428403274426506275e+00
5.847603200788755728e-01
5.904799332307564264e-01
6.400935677396213386e-02
-4.589240196344405720e-01
-4.092370693654833746e-01
1.365472510934023220e-01
-1.263792470760686459e+00
6.649329739396430128e-01
-7.478750608216060414e-01
-2.821118180209357673e-01
7.454495993312219848e-02
2.941184008454095777e-01
-6.444523048529016140e-01
-1.745922228254485620e-01
-4.557529359494183474e-01
-1.266817777414838142e+00
1.282937643537215289e+00
7.187539218015333020e-01
-3.126688502782431489e-01
1.196031899126169806e-01
-1.322830282407342350e+00
-1.394302842601265746e-01
1.412157148484227132e-01
-3.263374172866143619e-01
4.304667395072127034e-01
-1.252425130058195668e-01
-8.570360514192791879e-01
7.824810401716475461e-01
-4.783873587523796433e-01
-4.971066877866582856e-01
-4.597147547843156712e-01
4.396123193019052522e-01
-2.083545805948515406e-01
-4.037649822606919070e-01
-5.545306846083168928e-01
-4.001773923411954259e-01
-7.651553788553862034e-01
-3.997853268197111842e-01
3.930417684459677763e-01
1.014207384325183092e+00
1.133160013778211628e+00
5.636306148170003860e-01
1.337804328162444378e-01
9.383539431619085658e-01
-1.395395798711251689e-01
1.135444168407162557e-02
6.552396550318749791e-01
-2.224391191874839913e-01
-7.999797355870622573e-01
9.475272086169882479e-01
4.848782224984121703e-01
9.738890052964876975e-01
-7.163032749995912329e-03
-5.725098132349576430e-02
1.200646950628881049e+00
9.544370816966207816e-01
-2.257875825779734058e-01
-8.779979910389399400e-01
1.168931115494732831e+00
-5.008773470164831765e-02
-1.706268819954667393e+00
-1.960391131243062635e+00
-1.244757092396029607e+00
-3.297228064392886959e-01
-2.410303463569312132e-01
1.004011458933453671e+00
-4.165757966713427574e-01
-1.658991501829557125e+00
-3.865292988474093305e-01
2.052319781820907685e-02
-3.261208487691097391e-02
5.236427226895772752e-02
-6.611705476718626739e-02
1.333668451440521263e+00
-8.248039033433126610e-01
-1.298334823123084902e+00
-7.328343923655608605e-02
-1.179607804901713797e+00
1.650193988878048135e-01
-7.277206003318036076e-02
-4.576898427826714411e-02
-1.690604052469287244e-01
8.535548794495072533e-01
1.528214726993260664e+00
1.711583987702072207e-01
-1.248423214304753143e-01
6.073683713032317355e-01
-2.063108713437079578e-01
-6.973486052092199294e-01
-3.435609501099119445e-01
-1.623376707270777430e+00
5.156894059214711667e-01
-1.083144894438250461e+00
1.381313221054667695e+00
3.968503679957046115e-01
-1.083601862150713302e+00
-2.515998383994753063e-01
-2.205292912068516076e-01
-9.737254354176767546e-01
-4.969081741354684501e-01
-1.152731744092133082e-01
-1.382744009768045679e+00
-2.622971503179416519e-01
1.071784940191294222e+00
5.692232622252175744e-01
-4.254398999994382646e-01
-3.468263500826736512e-01
-7.923928326696423330e-01
3.138714573816299147e-01
3.112105864977946501e-01
1.540110138358400937e-01
1.108028019344104775e+00
-7.166187594696074026e-01
1.740216623476542379e+00
-2.569093341644169692e-01
-1.380936705120958008e+00
-1.132415527743222128e-01
1.269093947951891899e+00
1.268155897024935419e-01
-2.518607698314981658e+00
-5.113959732615382947e-01
8.004456423905229046e-02
-4.224511483663822425e-02
2.423954289319991684e-01
7.767592850562432538e-01
-1.597095632713172453e+00
-7.346307608052029536e-01
1.168371258555449099e+00
-1.586903179095578764e+00
1.305396182475912159e+00
-1.808120170557440121e+00
4.439796684926233250e-01
2.015297941611434163e-01
8.150362851063599479e-01
-1.445056807880189087e+00
1.895365415921377306e+00
1.547129625732623082e-01
9.162721609573305503e-01
9.764670685827239738e-02
1.538097906892482714e+00
-1.444642558245564645e-01
-1.139672129975468406e+00
-1.059323883140210310e+00
-2.292909422443464074e+00
-2.251158782709755668e-02
