1.365484982869918706e+00
-6.619882539871733973e-02
-1.504805038676065188e+00
8.692262963849589630e-04
-8.276832954651212049e-01
7.548725345204461146e-01
9.433867808592366622e-02
6.194190594180826182e-01
-7.642631467123112143e-01
-3.843127444322979591e-01
-7.264359165216605074e-01
-8.537715537445348390e-01
6.193047051144596749e-01
1.521266015167022090e-02
3.404788029804785010e-01
-5.996669505618863472e-01
-1.098364830810453885e+00
-3.370544496254412326e-01
-6.904845137602784177e-01
2.163446267467738493e-01
-7.717863337060637541e-01
-4.086773982012261164e-01
-3.654469328033563835e-01
-1.219537222938154031e+00
2.453100766263932031e-01
2.768860553336491281e-01
2.900147627859150923e-02
-5.987544132384221562e-01
8.145678443873115571e-01
2.024482537444309838e-01
-3.043388284118488940e-01
1.618842606793214345e-01
2.876475675621555927e-01
-5.600484040278269626e-01
1.331710484466489264e-01
5.972158583141614629e-01
-2.156360485670666960e-01
-4.023229172887621274e-02
-9.730767509143622984e-01
-2.707231750901170741e+00
-4.547372978559888201e-02
1.774228482751162295e-01
-2.134593674112045258e-02
4.828114889776292662e-01
-6.754442755658538466e-01
-2.640387318163626151e+00
5.511834956231971283e-01
-2.480397506662724849e-01
-7.365477715932683411e-01
-3.479384381582064645e-01
-1.302040060815781830e+00
1.652291124237635911e-01
2.973163214127724219e-01
1.129860497633497080e-01
1.905957783984853382e+00
-1.627239510684510282e-01
2.606733508934894750e-01
5.235921974742185903e-01
2.251287730778424589e-01
5.652303574261603458e-01
5.480184601186037785e-01
2.068617097658453474e+00
2.250857463840420181e+00
-1.462635893137315790e+00
1.774721812319014935e+00
-1.366648039677320625e+00
2.407481247102884470e-01
1.146629315573448327e-01
-8.314719862292677122e-02
-5.621335496842461144e-02
-9.561668865321908406e-01
3.827687041067417972e-02
-2.947536600667159945e-01
7.301410811251617394e-01
1.694273123171796680e-01
1.919061051862736289e-01
-6.416121912913932412e-01
-1.123212595721417184e+00
-3.950041807991530041e-01
4.365081240297669640e-01
1.014706666535145629e+00
-1.246675641405157409e+00
1.197001941890158683e-01
-5.877331438349805426e-01
8.384177879230914066e-02
2.740895527721668445e-01
-2.204736741583880055e-01
6.359962724053087602e-01
9.903550352863349504e-01
-2.631082354548217039e-01
7.146271161574555553e-01
-9.873925944647866659e-01
4.970150184100790014e-01
1.334361512539374017e-01
-2.331311358907184050e-01
-1.067370999835915768e+00
-1.673843427767038317e-03
6.307400287685145657e-02
4.828342316865834039e-01
-6.839209656427337469e-01
-3.959694868656714606e-01
-5.319655632738133910e-01
-6.772143225468049144e-01
-1.743635904201665365e+00
1.548267489972374733e-01
-1.015642102907546640e+00
-4.015214486237319025e-01
3.553795527026988310e-01
3.180818319678241912e-01
1.383658096046816333e+00
8.659234277935562440e-02
-3.825820765893027386e-02
4.464510649872429626e-01
-3.492161057758098597e-01
-9.838938058541482623e-02
-1.201661644418956509e+00
7.931657129070894818e-01
1.622609934972801593e+00
-1.700463182574107612e-01
-1.019723778401592229e+00
-1.093825039765714990e+00
2.406596210689151694e-01
1.438538424948675731e-01
-9.679348678556154439e-01
-1.796256968306369495e-01
-6.488711320561729723e-02
7.716621211667906710e-01
-1.180046245219050216e-01
2.089358671488268371e-01
3.782170150466842573e-01
1.704804616428551300e+00
2.476632487862604481e-01
-7.465067292953532219e-01
3.764456977245546065e-01
1.909587911053853393e+00
4.656363613474043817e-01
1.936364871328981607e+00
9.034264707877659450e-01
3.228350898610815589e-01
1.042763437306261309e+00
1.550628814722331050e+00
7.333345404002619139e-01
-9.715211632577716028e-01
6.665886749086118446e-01
2.100250199154204411e-01
2.256218062358773813e-01
-5.182294973168428687e-01
-1.248452928330627543e-02
2.821180635032750073e-01
4.090570576485442755e-01
-8.776328324715558793e-01
-1.056551686117338518e+00
-2.238234107050710020e-01
3.596698040010291031e-01
9.530112180397527499e-01
-1.982185467983272886e-01
-1.733514240475300561e+00
9.966238366973344531e-01
1.073036786397118414e+00
7.014059280823637943e-01
-1.128320178606394775e+00
-8.095056291252504810e-01
6.406156449163693534e-01
1.029760020938097265e+00
6.819125095560581995e-01
-2.460091138644498465e-01
-2.786270583762514019e-01
7.973366890053577016e-01
7.094138309309672152e-02
9.628687357837047989e-01
2.261855314055936650e-01
5.187269176312747816e-03
-1.573336113275144665e+00
-1.702438825809886036e-01
-1.616910206880097234e-01
-4.858891484844790054e-01
2.064940014383711275e-01
7.019234929500937081e-01
2.956517774661552855e-01
-6.783342516174710735e-01
1.898053498012246543e-01
1.623321284186682867e+00
4.939428190358741144e-01
1.099663573741353484e-01
-8.251511493798198149e-01
-9.369925688366353977e-02
3.920373083741119924e-01
4.693287385845249515e-01
2.391346035828762595e+00
1.095295931894140207e-01
-1.085745801748092321e+00
-8.285038435364157072e-01
1.266540309051456870e+00
3.201652708315108620e-01
2.543326415530324236e-01
-2.181351817287331407e-01
-8.191495016466419921e-02
-2.658359696855938092e-01
6.906090961833549757e-01
-3.472836351712493830e-02
-5.866674598747010361e-01
2.075182960312460800e-01
-4.128466095469695007e-01
4.806494019383282801e-01
2.641493556556481770e-01
9.880198702962716961e-01
-9.959072983649392211e-03
-1.278606196892738023e+00
9.694843999917721611e-01
7.321596874412873435e-01
-8.253579432729850618e-01
-5.885981045768947650e-01
-6.063476921413263332e-02
3.728788207790373344e-01
1.123935153583293545e+00
-1.074882841558356894e+00
2.330649924389768812e-01
-6.539243720240968116e-01
9.762891627932640537e-01
-7.133530699018607590e-01
-4.295260759518967353e-01
-8.509059404698201545e-01
-9.400677971126376598e-01
8.221021640491436022e-01
1.237265031823590267e+00
1.828140695662369697e-02
7.489916991865228635e-01
5.543242642712045143e-01
1.387133002420289363e-01
2.108905965823358319e-01
-1.272787283486406240e+00
-9.498239426589235590e-01
3.408175854869952004e-02
-1.914010905740262558e+00
-5.447326150700675385e-01
-1.655290104955476238e+00
4.611483716552446377e-01
2.914021713504617583e-01
-1.023009012914400273e+00
1.225965354119789852e-01
-2.036216217437060438e-01
-2.871924238509646621e-01
-8.851655663522768336e-01
9.166783781765623917e-01
2.155094523523541028e+00
2.220266544663488939e-01
-4.126943650620858439e-01
-5.655754342974164128e-01
1.484674047911281214e+00
2.930515361620062431e-01
-8.861445852356894526e-02
-5.748885497235620701e-01
-6.922072139785420131e-01
1.970047622101510632e-01
2.504515027458629195e-01
-1.019014726083727451e+00
8.255862058177341201e-01
-2.169236438504411890e-01
-7.354251884748334023e-01
-2.722870939795017653e-02
-8.843941111145913192e-01
3.517688207777445175e-01
1.813184453095842974e+00
3.258616802706512661e-01
-3.235080441028577725e-01
