2.893351734981347567e-01
9.384519736666766532e-01
-1.688719477744749509e-01
-4.559753948019150682e-01
-9.006718154085604500e-01
-8.546219156835919151e-01
-7.145963528051460512e-02
4.371026281988847906e-01
-1.163877106133381023e+00
-1.123168242161087793e-02
-1.015267383105870724e+00
9.194681442815140493e-02
-3.349107260489206372e-01
-5.877742855563919400e-02
4.227040174691595875e-01
4.730358869333426974e-01
-2.469187385591534445e-01
-5.589697895239887915e-01
-2.896290954101574111e-01
9.563209015226419307e-01
9.069765544914715205e-01
1.417683286536815523e-01
-8.846162730479319170e-02
-1.509191290262756335e-01
-1.293342434782647765e-01
-9.953352275661484505e-01
-1.488110087216662825e+00
7.326653632181228115e-01
-1.983383591289202830e+00
-2.103943386579641001e-02
-8.570397150975825884e-01
-7.616313862634020992e-01
-1.055490694687376108e+00
4.585970556903651296e-02
-3.975649336377308218e-01
-5.199182067673663310e-01
6.584668805782236678e-01
-8.969844438902754846e-02
5.879310275208007863e-03
-6.694514913887203433e-02
-4.653861126603639486e-01
-3.282539619207373027e-01
-3.992629279530706121e-01
-9.045379965325539562e-01
9.479461165397651268e-02
3.597346642142615902e-01
7.263621427042216139e-02
-1.174351947828716353e-01
-3.266857162961439021e-01
1.499935621657455809e-01
-5.305328059411722474e-01
-7.574728380872675082e-02
2.062441694109772850e-01
8.860389306275202603e-01
-9.203521635197407791e-02
-1.210286829045929213e+00
-5.758412730411655023e-02
4.622818060292451792e-01
5.945218647463474948e-01
-9.272398181137492257e-02
-6.192551511724873059e-01
1.305262089328861119e+00
3.121245745309673136e-01
-1.169221641658564903e-01
2.768640704122995455e-01
2.712762813100743076e-01
3.505382469554511049e-01
-4.474029961770908392e-01
-9.897339683743947569e-01
-4.048087192906935639e-01
1.280970718063502156e+00
-8.318259829934777916e-02
-4.251475352541638220e-01
-4.986737245798640306e-01
3.513748236501696987e-01
-1.005512567804869084e+00
2.766244807506099135e-01
-2.215542237631140110e-01
7.853130950729856341e-01
6.725322798110205946e-01
6.516489627930299733e-01
-2.795486494533435118e-01
-1.364533684471158193e+00
-3.529078200478069638e-04
-4.499035725491989934e-02
-3.144558370102997213e-01
6.783000097728530964e-03
-9.698433547840520363e-01
-7.289552303991720938e-01
-5.615350316335204761e-01
-2.717110422674157144e-02
3.117346621467857459e-01
-4.142048640998744480e-01
-5.259136003665715320e-02
4.307495190108121541e-01
2.521745063483924465e-01
3.119215992799281856e-01
-5.158379738758589461e-02
2.247150047294649566e-01
2.536227731778897265e-01
-6.821044411490388704e-02
-9.535495663098526864e-02
-6.781337261282815998e-01
-1.145036905743361672e-01
-1.097850885372528840e+00
-1.870349711689338168e+00
-1.947902694402952606e-01
-8.232080980024318595e-02
8.719002381493290432e-02
-7.913527858969718332e-02
-5.937700615279626337e-01
-1.215199465263673728e+00
-2.838218978055995767e-01
-1.234233283668162429e-02
-4.452138537805508944e-01
2.431395150695415952e-01
-3.986093613503488009e-01
4.249448844092829081e-02
7.054923330204958543e-01
-9.955452749406668023e-02
-4.840405412316635125e-01
8.482156121488987344e-02
6.713084570491277825e-01
-6.075968935980387009e-01
-5.887160709411038972e-01
-6.424145813711185093e-01
-7.972756000379161989e-01
-7.661438006676485335e-01
1.450924821137549170e-01
1.048718801834382042e+00
1.020934504886917393e+00
-3.147448470207075966e-01
-2.319625477714415129e-01
-2.307316129712757125e+00
-7.297464465702091507e-02
-4.525043136137801847e-02
-1.683329225281599284e-01
-3.298341382643092956e-01
3.017383238499845577e-01
1.210419944326811326e+00
2.079270261344030590e-01
8.983656763351690611e-01
1.043470345576724689e-02
2.698144942546529257e-01
6.906330342142298351e-01
-2.218528551289432382e+00
3.654741361558405677e-01
1.727080365031669340e-01
3.431256754885546045e-01
1.254274315938040119e-01
-5.395750087143718066e-01
4.339110974030634393e-01
-7.337144673498965375e-01
7.814128395181827447e-01
1.496021352278498640e+00
-1.335828016077557634e-01
7.622463923789113416e-02
-1.654464094496928273e-01
-4.358508632156873203e-02
2.152923614773896432e-01
-1.003402738674020522e+00
-7.937752343316631376e-02
7.075081852470457289e-01
-8.307816150095469476e-01
4.764306437722782284e-01
4.816619446758238499e-01
6.199853862041527774e-01
-5.438559056356714883e-02
1.795948271809434393e-01
1.236880313085049199e-01
1.543694687354912887e+00
7.341778874549792500e-02
1.249817262132165152e-01
-3.575664155054472659e-01
1.178972246969899051e-01
-1.471621684896575188e-01
5.170977188065868368e-01
3.213869368027659768e-01
-4.993556410419328073e-01
-2.897484239024902819e-01
5.689376150880234295e-01
-2.041659193769253200e+00
-8.751772767318874990e-01
-4.156442241720711417e-01
-1.016147095414771773e+00
-7.163654812488209345e-01
3.817441422969578557e-01
-2.019173789835385646e-01
-1.005278111086786552e+00
7.755922615937157483e-01
1.367784422817464596e-01
-2.509206229445603009e-01
4.227426485443133153e-01
-4.086018266235709739e-01
-9.319025494830364409e-02
-2.659254621271857078e-01
-1.500926327076362587e-01
3.152457983830857513e-01
-6.968401355047414425e-01
1.164720133983001338e+00
-1.448639303665611722e-01
4.591202810985505200e-01
4.148254389824779231e-01
8.804407571946548661e-01
-1.312629200365277582e-01
-1.221666737910044043e-01
1.991603843494425818e-02
-1.106282602700773943e+00
1.596130945053551908e+00
-4.177445100941454825e-01
-1.994171440649692983e-01
-8.261195982413688244e-02
-1.038381443624447176e+00
-1.001096408923398129e-01
1.486074999982429090e-01
-1.060160269980540138e-01
3.232901820991953556e-01
-6.083142441867703809e-01
2.015542548952509172e+00
6.617340667783431218e-01
-2.143691036251336612e+00
-3.538455809684227238e-01
-1.215292862319605760e-01
1.229174188912481647e+00
2.023861922344556696e-01
9.994701755554737943e-01
-1.342592103004586868e+00
-2.170515896046622539e-01
6.185627275253535035e-02
3.946616099737178529e-01
3.043099716979835723e-01
-3.651123902125061882e-01
-8.736317746441791821e-01
-2.759024965652571645e-02
1.098299083313595825e-01
-6.622216639894191736e-01
1.360500970749480176e+00
-7.532697717056617837e-01
2.487967764073570343e-01
1.048718964482969751e-02
9.043162946296544602e-01
4.545162264632648386e-01
1.834467973089601855e-01
-5.947062932151010450e-01
-4.217992168721264035e-01
-3.577527263400430702e-01
-2.300039882221788790e-01
-6.194780888074784553e-01
-5.264909305666177763e-01
4.955885581284335401e-02
6.187825264708500528e-02
-2.138792442219825396e-01
-8.989101921726042055e-02
4.427734240554273004e-01
2.582970668117898327e+00
9.453740154641601112e-01
-1.886168847299889428e-01
-1.815327496829625131e-01
1.754158035437209384e-01
-4.571001326100986861e-01
-5.550192417642156872e-01
-2.487608042145150467e-01
2.674228429811398300e-01
2.812234007566599692e-02
-3.851019281498112290e-02
