-6.019984718998899753e-01
1.001329095734968533e+00
-2.531988583128567116e-01
3.087344557902487741e-01
-1.434569007820673647e+00
-7.907761466045538645e-01
4.509099542081683176e-01
2.432750475904334742e-01
-2.426990665510795064e-01
-6.271908070983150951e-01
-1.588690364966035273e-01
4.341516595171587278e-01
-1.096355156841817280e-01
-1.142511114105839942e+00
6.709907573281270743e-03
2.246085143183337962e+00
-8.262645042897756031e-01
3.838691740321806822e-01
8.491677722171482312e-01
-9.386491129619272122e-01
-1.530520089474349255e-02
2.498563277770644575e-01
-1.124764926213302346e-01
2.276831238362186371e-01
-2.012579290102004537e-01
2.313187876473044025e-01
6.872344098379171706e-01
-6.961332369966704015e-01
-1.856424520105634191e+00
-7.424362936485461306e-01
-9.218722974649009583e-01
5.380499226433141935e-01
9.298890890498617834e-02
-3.012805842832113612e-01
7.056775242468218412e-01
6.872071172216031032e-01
-1.366259621041581607e+00
-4.626545154807171767e-01
-5.274403004630718872e-01
7.117157745947563785e-02
-6.747290191024700734e-01
-1.121243461667734032e+00
-2.965203667719582548e-01
-1.732819519721330304e+00
3.217055745344725715e-01
1.956091073431900362e+00
1.833879874006584809e-01
-7.722079979145695106e-01
-4.155779851927144941e-01
7.391839854216248895e-01
-9.250530377190222531e-01
-3.165800017347915052e-01
-1.010324315698239328e+00
-7.085288941536634910e-01
-1.920287993126297499e+00
-4.066689894446744447e-01
-9.988692359484712124e-01
-2.101454492889432424e-01
1.155755862796189248e+00
-1.168432009703736618e+00
1.064780931106552586e-01
8.949316704973758752e-01
-2.192452077404182242e-01
-1.214023727724846458e+00
6.586853955565630248e-02
6.334818252716731823e-01
4.531786160393453389e-01
1.488246118919066330e+00
4.593062662467592983e-01
2.310519382847256442e-01
4.510578761854387997e-01
3.223745551980584101e-01
-6.480802732791218768e-01
1.305257119615820471e+00
3.413635065627189102e-01
-8.806691817155689606e-01
1.727845479469216183e+00
1.086188794851654649e+00
-7.994433914305494326e-01
6.231786442065891940e-01
-1.463735360962090948e-01
8.648826502134998595e-02
2.234380107778828339e+00
-1.504341273757040520e-01
1.416105048371247399e+00
-1.729366966137068307e+00
-2.072379919278987792e+00
-3.184896557847137766e-01
5.498325265210799451e-01
-1.284878004726938805e+00
4.426439698155191227e-01
3.227744183117569055e-01
1.087433104810021645e+00
-4.907017249344363674e-01
-9.921492621847577409e-02
3.748026580122978957e-01
1.799565620502640462e+00
7.329014446372128511e-03
2.029125253966762799e+00
5.233121846472096189e-02
8.081375275324231833e-01
-1.290236468131523262e+00
5.470652115298136886e-01
2.423257337925221466e-01
-4.066082932741487688e-01
8.256064535980853769e-01
7.704295688897901950e-01
6.299926962201302105e-01
-6.371340313655964316e-01
-1.219541438597763761e-01
3.738785800021636740e-01
9.820231206661944601e-01
-1.212795255331378330e+00
-7.578184288632910937e-03
9.083740384182981131e-01
-6.120500287550584284e-01
7.063206743071719362e-01
-1.416499564317657001e+00
-9.220922888779334858e-01
1.550238131630993443e+00
-3.288796482439728108e-01
-3.496536664851658260e-01
-6.045452522536001183e-01
-7.465784297142235015e-01
9.590539337446936097e-01
5.430754030449369552e-02
6.029220805282070605e-01
-5.137303156744327248e-01
-3.014040255400405877e-01
-3.796281794589476122e-02
-2.479269298872033567e-01
1.805498793623403930e+00
3.329567623875019644e-02
2.997008666529385468e-01
-1.171485246930265012e+00
-4.935425666138532619e-01
6.906158652399471687e-02
1.081478427384832575e+00
5.329271258713842441e-01
1.850167326346715102e+00
3.807806733283610745e-01
-1.318965265637491058e+00
5.462696320851008203e-01
4.281187535135297928e-01
5.099031328409695973e+00
-2.534590987376931226e-01
5.124380308719256316e-01
-7.723398420893015093e-01
-8.202361412325769319e-01
-6.123797717451597844e-01
-1.281023997911985568e-02
-1.178878503722612603e+00
6.038755921556575590e-01
2.488777368071968532e-01
-7.494553398486557549e-01
1.075531439850084592e+00
-1.738580892947622358e-01
1.136693686713068363e-01
-6.026320420402790923e-01
-5.539860185505902646e-01
1.594923060152301508e-01
-4.577186649678076646e-01
-2.340163573970729938e-01
-1.689030725591721405e-01
2.072445549179937174e+00
-2.393931156636847080e-01
2.432528006169254464e-01
2.036044950800786069e-02
-1.483548982101010050e-02
-7.221091172698159699e-01
3.565230736838437831e-01
9.350663904605740484e-01
-2.739782075269592276e-01
1.277913295040416841e+00
1.757726944444537809e+00
2.151367550614800839e-01
4.625134598202813863e-02
-8.935067005358154901e-01
6.336995782909818908e-01
2.338029126039217198e-01
-1.805374196988606572e+00
7.520899264802096695e-01
-5.509862257437849742e-01
-5.518579968819465886e-01
-7.659452582248598915e-03
6.529837938139540499e-02
1.190754742209939820e+00
2.715876842440440031e-01
4.525629475551645187e-01
5.206571805119177832e-01
-7.737006980576510706e-01
-6.855768444376914017e-02
1.331228930169290614e-01
-8.354441959202401069e-01
-9.830584564301358963e-01
-3.988627388239515126e-01
-4.041761524999597510e-01
3.704805194112276712e-01
-1.962049689627918259e-01
-3.377117079298782576e-01
6.158925283124684347e-01
5.380150480941799929e-01
-3.927439654311631334e-01
-8.330418361514186909e-01
-8.488485020250389201e-01
5.396992475342984319e-01
-2.124910765239487187e-01
-7.575274743675991518e-01
-1.036131811977154316e+00
-7.775450380646715676e-01
-1.274155605323391116e+00
-2.624083186861087547e-01
6.198495899487046490e-01
1.041875123668806857e+00
8.065635097383581087e-01
4.297761568996472104e-02
9.343369422289390380e-01
4.380060558863744236e-01
-1.073220503712891127e-01
-1.847984948929453530e+00
-1.354801678263734821e-01
1.033162970329573938e+00
-5.066189508020957355e-01
5.899664431705057277e-01
-2.418903969450210689e-01
-9.345231131973170680e-01
4.280883671076083363e-01
2.099990335295233379e+00
5.828057936321850985e-01
-4.329742910165694791e-01
2.583710301676904741e-01
-1.295019553057718209e+00
-4.610296136427471936e-01
6.567144016874215673e-01
1.194850832844230326e-01
5.493770886555549016e-01
2.888164405855664363e-01
6.278893723845782038e-01
-5.034428151360622605e-01
3.923289318381411039e-01
-6.004446257860451830e-01
-5.301795820605914589e-01
-5.180659336511573843e-01
5.733870692480623477e-02
7.279796522108505918e-01
1.904571308965846976e-01
-4.024119037173909397e-01
-6.205674228096237366e-01
2.709930718582302056e+00
1.173952814108131903e+00
-9.489386268586901263e-01
-1.243763683256653430e+00
-7.784600615228834952e-01
-8.015276920587821596e-01
7.268911451810832203e-01
3.837284696169612763e-01
-7.987449730284823524e-01
-8.041555168348153426e-01
1.072029600045010911e+00
-1.776434982344133662e+00
9.223541610464208729e-02
2.342356691784330258e-01
1.239917617410490447e+00
-1.337382211704974400e-01
2.022284308062002323e-01
