2.400307834328704315e-01
-7.969391647344101770e-01
5.186750114324957528e-02
-4.752603517145509993e-01
-4.304069364802740605e-01
5.342746394789558151e-01
6.035773640375338145e-01
-4.939631851448796906e-01
8.598220349973884069e-01
1.501243604934094700e+00
-3.140898656912191056e-01
5.632783713319048369e-01
7.366049007222298384e-01
-4.806251078287119283e-01
8.230418452115133288e-03
-8.776045792500513087e-01
-1.081440655450614186e+00
5.558239953067218853e-01
-1.192100587327946659e-01
2.034164873082898728e-01
-2.263724150278315084e-01
-1.543239301458558810e-01
2.212017348150724372e-02
4.474937159809378451e-01
9.689888096117247329e-01
-1.037933467834852297e-01
4.218611256398959730e-01
-3.276572892690550742e-01
-8.021242365161871390e-01
-1.420862458632864422e-01
-3.098646676498669206e-01
4.743043739398260517e-01
-7.466036932461480591e-01
-5.404312449416224240e-01
1.951828372011060186e-01
4.693035410165216081e-01
-6.873404469562002794e-02
-1.227692497404809374e-01
-5.573486433428231912e-01
3.337258858130337513e-02
-5.812579177481309589e-01
1.033902338946308674e+00
-5.011268389253764610e-01
6.698947526018926846e-01
8.201317923303801383e-01
9.088293545989871713e-01
-1.080850035531929709e+00
-7.100712934274897581e-01
4.676145110569371321e-01
-3.309450775062834360e-01
2.370133267067057181e-01
-8.079998263446928064e-01
-3.576441873739763522e-01
-1.927533548025325838e-01
-9.393699311615549830e-01
7.845777399314506351e-01
-1.276673863462048919e+00
-4.755588687046830576e-01
-7.170393327704178699e-01
5.693985260605536336e-01
-1.546459274215947199e-01
1.214908460893787678e-01
-2.586588975927534007e-01
-2.298450673629888752e-01
9.138864365599650430e-01
-5.019015862590066046e-01
-3.714796678775280081e-01
-7.472935415196013675e-01
8.690586204595335262e-01
-8.059408299783363816e-01
-2.110663408088384041e-01
-8.552898908795751876e-01
-8.675426142530878737e-02
1.439750349605484481e-01
-3.637116017597599171e-01
-1.266811878238116584e+00
1.985860691287582580e-01
-6.063553596844880600e-01
-4.979864448628448792e-02
4.824309053123518876e-01
6.889041324328024629e-01
-6.586632206521172428e-01
-5.649028298782519109e-01
2.908140752829775355e-01
9.492045143868724777e-01
-6.543438278795699059e-02
-3.428361203666162593e-01
3.648928829701988952e-01
-1.590453314922564976e-01
-3.571105863626249377e-01
8.927815438715569485e-02
-2.694721585998889335e-01
-2.537684231157280035e+00
9.615598711136478238e-01
5.470106835871741957e-01
1.720071187271167701e-01
1.042009998191252562e-01
-2.877903080512366207e-01
-3.227297569525909293e-01
7.891492849628526374e-01
-3.166790882899576665e-01
-1.113404333221533760e-01
1.520197827414304093e-01
3.996584966937478112e-01
3.416960486675149622e-01
-1.359892391725165128e-01
-1.131403910080588104e-01
-4.720987624372552371e-01
2.319195435644327008e-01
-2.537243282527207322e-01
1.751373416627416968e-01
2.186217127177475295e+00
1.303068128638487533e+00
-7.190208881790104145e-02
-7.992520637886866286e-01
5.592107101097164579e-01
1.625580230442308372e-02
-5.545320806421242255e-01
-8.147038792675580510e-01
-4.389219462357526469e-01
-3.634795823616365773e-03
-5.948270997991580988e-02
8.904425840447229845e-01
-4.603525847610514532e-01
-1.007877032175897636e+00
1.317679863808758345e-01
-2.986138498388998253e-01
-1.894117944543527443e-03
-2.477920937960002290e-01
2.466920867193268530e-01
2.999884733929883418e-01
-5.224191858534570354e-01
2.780681720858743100e-01
-1.926562374919060794e-01
-3.281332957518649507e-01
-3.567983561827307026e-01
-1.265741502101394578e-01
-7.358012626250939880e-02
4.281955898337354016e-01
-8.412194477261828451e-01
-8.586144915895204122e-01
-5.336121559367423828e-01
4.722395020794092346e-01
-3.749637575302836590e-01
-4.937295629448605339e-01
2.252560750542787371e+00
-3.037322612087577367e-01
2.473767870331795016e-01
1.157642733970710713e+00
-1.569899886366034725e+00
-2.495026177709293025e-01
2.414140972207767522e-01
1.960305130289197617e+00
-1.006588441121663235e+00
-5.403461967813746325e-01
5.649541828936410770e-01
-4.450914052873741755e-01
4.492000984939144015e-01
-1.193855201358328566e+00
7.797504993770576487e-02
2.385597497353909302e-01
1.685163493890580455e-02
2.443442070162066548e-01
3.718027159985775043e-01
9.285683828079360769e-02
5.591507301879866665e-02
5.915161363798424610e-01
-1.265666761669442253e-01
5.381707956283550420e-02
4.248031797138424048e-02
1.433220105308264658e-01
8.861330122762578476e-01
-2.950671552224704008e-01
1.132536721933012497e-01
1.577385064319001273e-01
-5.796684528308451156e-01
5.041491567818230379e-01
-5.585913810393336454e-02
-5.525309553347192981e-01
4.391401566339891982e-01
-3.755859194169034465e-01
-2.153199945788395464e-01
-2.480689107970225626e-02
1.192272582869640551e+00
-3.376846897286386873e-01
3.011004524385590408e-01
-9.827377301912290086e-01
7.272514040786179912e-01
-9.925761610973569127e-01
-3.140514718956427531e-01
5.700363079044727943e-01
1.870795592412817510e-01
-2.582672107733312572e-01
-3.791488244582512102e-01
9.896759437506758017e-01
-1.649890545759859772e-01
2.114362123938823834e-01
-6.969074081883096516e-01
2.108321050295345889e-01
2.782054946380917992e-01
7.156834752670042654e-01
6.094214124161062562e-01
1.957630892168619741e-01
-3.182728861790746766e-01
1.216929250650234939e-01
5.930430682480347659e-01
2.778961563179584981e-01
4.371566342512044345e-01
-1.365115716578879645e-02
-3.232497378049873360e-01
-7.390532197268993020e-01
-6.503688170045174299e-01
-3.365688291884395555e-01
1.763943759935240052e-01
6.062279006037361029e-01
-5.412124481433088219e-01
8.332676354892282200e-02
-3.954186071368318012e-01
-1.973413756448172629e+00
1.991044018116865377e+00
-3.393621808895682657e-01
2.002297507584017477e+00
6.262131240497107454e-01
6.107290747092792849e-01
7.867083895687899675e-01
-5.183410685624910696e-01
-5.092512486220127643e-01
-2.332214933606375773e-01
-3.420575603149350608e-02
1.732801629945468214e-01
-5.630354303881925926e-01
4.598087697071021607e-01
4.200914436163997179e-01
-2.573962174088113564e-01
1.290729622761261908e+00
2.263583183273506216e-01
-4.524983744344079906e-01
6.698907459722150404e-02
2.119280594770205084e-01
-1.101256740389709721e-03
-9.510803634395074146e-01
-6.719814215226853626e-01
7.186958780138630321e-01
6.708342632695065699e-01
-1.099983290831312965e+00
9.244268369453567669e-01
9.335933619584959597e-01
1.178070053255654503e+00
1.627901833119915487e-01
-1.375311981306810427e-01
3.515016308497290742e-01
-7.464820938666158479e-02
-4.183340837596666306e-03
7.875068130186841930e-01
-7.365594651635125611e-01
-2.781708214808190083e-01
9.732182933499402555e-01
-8.597020854319161742e-01
-6.100994193259647869e-01
8.440854276417699698e-01
-3.841544016256325245e-01
-1.583051490349735024e-01
-2.495099277273610805e-01
5.631817829446463808e-01
-4.818981374757943525e-01
