-5.221991106570286201e-01
1.528515092317601409e+00
-6.555755228734850837e-01
-3.542576447372449144e-01
-1.744856981452282685e-01
-1.173999391956853433e+00
-2.928822059944657941e-02
-6.064264879264351649e-01
-2.317496027346301890e-01
-5.994991939011985460e-01
1.015547896504943814e+00
-3.705885371025307018e-01
-1.490905344254193965e+00
4.109050459647897724e-01
2.315064119444322221e-01
1.572916137544891901e+00
5.831624075811780994e-01
-6.469459214470871800e-01
-2.152455858491120477e-01
-2.437530526579329837e-01
5.774270194020996172e-01
1.337036240000625542e-01
-9.337301072918299250e-01
2.551501361839881299e-01
2.807689662343438863e-01
6.991346649101928268e-01
9.473828647885578214e-01
-1.277309139155907436e-01
2.754473990679925377e-01
5.124926184897196091e-01
-7.260127301257544019e-01
3.452307151178863887e-01
4.342579721526590442e-01
-9.333720077188480957e-01
-1.440090951056341106e+00
8.638877904295028110e-01
-4.200853616666392898e-01
-8.467206474379449510e-01
6.587348280456468697e-01
-6.021299791394253420e-01
9.324317624733817755e-01
-1.289015061503952841e+00
-3.320752869225596093e-02
-1.010960252524023328e+00
-1.717724706484026476e-01
-4.891322364248034682e-01
1.019663574438205211e+00
6.328815472317294022e-01
-2.747833347690555872e-01
-5.670467637942026018e-01
-3.208189909207855850e-01
6.828922799096541763e-01
-1.333167292345377675e+00
9.755090926095568715e-01
5.233701122803289252e-01
-5.297417878106122080e-01
-2.142962792974161701e+00
8.713617269035951463e-01
1.235631356387634439e+00
-1.020860518303835285e+00
-6.475353524465192745e-01
8.744468747269733555e-01
-1.622270239589900687e+00
2.317468957912481864e-01
2.966241177023313247e-01
-1.532064507583132951e+00
7.616007580256309861e-01
1.454433181263175279e-01
1.050690707814020186e+00
-4.921820240882834319e-01
-8.589379876471897601e-01
-7.950047739277857906e-01
6.198258200035497989e-01
3.177768634338527520e-01
2.695166572269226402e-01
-1.898548130639162723e+00
-1.308946005380298594e+00
-8.594898130803371172e-01
-7.856888445652220332e-01
7.111553640541583565e-01
-7.422821250074539412e-01
-1.314241597268265282e+00
-5.436402994259552646e-01
1.590524991322919579e+00
-7.370194250164383565e-01
-7.652404548270923534e-01
-5.035085025787656710e-01
-2.966989988583296212e-01
1.163581928650392783e+00
1.003449194166896818e+00
1.474892654098379552e+00
-1.699507294632801369e+00
2.314511410804545311e-01
3.041328244061100583e-01
7.171563716431472724e-01
5.310779073302717146e-01
-6.605122170516657398e-01
-5.578406780991123082e-01
-6.489969124742578366e-01
-6.631655967965254250e-01
6.686772733541067604e-01
1.310331799110538986e+00
-5.397818685267918859e-02
-1.174535505321554485e-01
-5.570961388903457323e-02
3.619688971761949592e-01
-9.776593754537975522e-01
9.180977823633892365e-01
1.434452697474300598e+00
1.087512139671199113e-01
7.983993888646241377e-01
1.093603905609670801e-01
-3.524043534532170230e-01
-6.304188199641018731e-01
1.243182774548148961e+00
-1.897936906000017077e+00
9.966076646376131887e-02
-3.140726774349323902e-01
3.599292143794476789e-02
1.515036759431951374e+00
-1.586780634838504067e+00
-7.051438994378425029e-01
-6.547652785061865988e-01
-4.508579384010799052e-01
2.317372838468418905e+00
1.970477993628423075e-01
-3.940564039454179657e-01
1.708632620430808435e+00
1.141781009466026342e-01
-7.059510190389611806e-01
-2.249527035038033640e-01
3.237718454617167785e-01
4.852538236423094981e-02
8.781747994065642882e-01
-4.594769809538432059e-01
2.408564140764750394e-01
-9.589813450983573073e-01
2.192496633848363963e-01
2.524387592635548572e-01
1.644341020068532444e+00
-2.258982046985608949e-01
9.057967372843326315e-01
-5.707931770290033402e-01
9.369521877157864775e-01
-1.960634756065159578e+00
-1.323851242713623311e+00
1.890543312261323550e+00
-7.763362938380735656e-01
-3.412884651735985653e-01
-3.065596152841857935e-01
-4.174368589053034651e-01
4.584131167856627664e-01
-1.447176660211668686e-01
1.110697740496842556e+00
1.151810183532267495e-01
3.191827478199314339e+00
1.319683339285692592e+00
-8.338921048170835348e-01
-9.789175554668736456e-01
4.127365743670563525e+00
6.296561268226177344e-01
1.630580807010347799e+00
-7.058988521647724390e-02
8.623262119430247230e-02
1.327000881257790477e-01
2.347191360509445213e-01
-2.612788351897999545e-02
6.125612809525549096e-02
5.841315063990768497e-01
1.474977841894332953e-01
-9.202593833971342563e-02
-5.942210556104708941e-01
1.072468280275090446e+00
-1.259555432687250009e+00
-5.180890991843253301e-01
-2.319158003415089375e-02
6.157951218014041661e-01
-3.808487862395873447e-01
-8.514676708439317121e-01
-6.521952722949210246e-01
9.557722942491022611e-01
-9.579308673941518970e-01
-7.229524831227278625e-01
-1.070295377011234728e-01
3.943856337519796584e-01
-1.118613226539646899e+00
-1.343628330768190882e+00
-9.371718061997688642e-02
-9.000415767091765051e-01
4.368664343901144109e-01
1.730330082483350740e+00
-1.031735462216455179e+00
-7.082069659080090229e-01
1.405980656519338068e-01
8.206395962885913720e-02
-8.438544726248367045e-01
1.560653367073474573e+00
-4.864484241615653626e-01
2.854589602679390437e-01
7.569062085961624220e-01
-6.289447418557735370e-01
3.036640612888926172e-01
-2.614286136918093570e-02
3.899642879581202703e-01
-9.819345401222388803e-02
-5.517452852892370530e-01
-5.112554337795787163e-01
-3.445350322450155267e-01
2.411073237743199815e-03
-5.668406490867151648e-01
2.120979411319828534e-01
-9.476186197559723912e-01
1.269274223912782773e+00
-4.062088064816040123e-01
8.047215495142402419e-01
-2.398115501601608912e+00
2.670675746436783626e-01
-4.762780956476601046e-01
-1.459019798313668792e+00
4.512953819236689701e-01
4.446459314328679580e-01
-9.423853251585143642e-01
5.904457416976336415e-01
1.264155159966137365e+00
8.016209160758838714e-02
-1.414327868227511775e+00
-5.455198754025591956e-01
-3.450328413552983253e-01
-5.397411318888196696e-01
-1.223551705243865140e+00
-2.467012636641935375e-01
-6.932218357722519375e-01
3.366275677633069341e-01
2.098077662781646424e+00
1.247465472197620551e-01
-2.078248350596694216e-01
7.843896330636723757e-01
-3.119360407911349053e-01
3.513939000711017724e-01
4.561169954499148527e-01
-4.325213187549514782e-02
3.716777547241320034e-01
-1.349577957316917098e+00
7.813324243784194323e-01
2.413831297818150867e-01
-1.766433139638345917e-01
4.827599893866058034e-01
-5.217506021850245590e-01
4.895197591745748533e-01
1.774024258337978388e+00
-1.751565844670223804e+00
-3.983551440118421327e-01
-3.752936404700031314e-01
-3.821882861582137636e-01
-1.023010856971698912e-01
-9.638655803780880049e-01
-1.777818527745939736e+00
1.657764726153123924e-01
8.520052729678478931e-01
-5.500406867694165314e-01
-1.422337122392868469e+00
2.517826179461989167e+00
1.400901925075775045e+00
2.448599386044308934e-01
7.670036715341129741e-01
