2.684729197873150230e-01
5.404246796450615786e-01
-4.515385876774913321e-02
1.077678804535713297e-01
-6.317712845597296401e-01
-4.240714781812173761e-01
3.149994921909982093e-01
-5.766795451965900376e-02
-4.413357811643847661e-01
2.541635113740445817e-01
3.996255679310292130e-01
2.949254081906340641e-01
9.379404415832648390e-02
-7.164236806581301131e-01
-1.713059686368436640e-01
-9.442515328429623711e-01
9.726927683810182579e-01
2.152734212062463737e-01
-9.319151244517798194e-01
1.092449169578557644e-01
-5.903832771128112444e-01
-6.209053215638900003e-01
-5.401713551591460494e-01
6.905769210674321812e-01
-5.924959860709599901e-01
-2.960287999458819375e-01
3.858098409289976161e-01
-9.364418566924421761e-01
-5.432794303437853412e-01
-6.043976237071495561e-01
-2.614045796611492722e-01
-4.197489709589901086e-01
1.288613060769521201e-01
1.167622391852991548e-01
-8.071495939696893274e-01
5.776310031119447075e-01
-2.735602667161733947e-01
-1.480958321039942405e-01
-3.232660542679428595e-01
8.240088139884615970e-01
7.260456456197577069e-01
9.129633710051130446e-01
7.162618903516384528e-01
-9.505194042176368097e-01
8.382010703358149240e-01
1.128930446652585129e-01
2.320470970500578822e-01
-3.941832594510408239e-01
-2.500065448301240778e-01
8.449317177452195793e-01
4.135081921773671176e-01
6.321000353055536980e-01
-5.793372025829137684e-01
4.083073110866182187e-01
4.242953839418244222e-01
3.416127158229294025e-01
5.815148702617412013e-01
4.231672839006654918e-01
3.217578852261890887e-01
-1.813852405447924365e-01
-6.076445137374280048e-01
-7.461859830602635135e-01
9.920808115533323868e-01
-6.737810284469110123e-01
-9.023578410624537582e-01
4.804623139092056849e-01
-9.918527485321566584e-01
2.833152958056381898e-01
-5.507057070698511136e-01
-2.227574066849860035e-01
-1.013304286254015363e-01
6.835354111109097630e-01
-2.963383398015606573e-03
3.227108258024000698e-01
5.932275016529668932e-01
-4.477619017247764788e-01
6.656711867961395690e-01
-2.290727084403707536e-01
-5.017580672490282723e-01
-9.277091345215167095e-01
-2.707976422454305698e-01
-1.108762731574410854e-01
-2.176672477679486573e-01
-1.565753784818091354e-01
-9.014017714673276949e-01
8.155572004535212027e-01
-6.319056834743406181e-01
9.708633454363362336e-01
-5.572557628746981351e-01
-9.797073300339507185e-01
-8.734062055260256585e-01
1.827171492072863224e-01
-7.645897266830934402e-01
8.951457459210760970e-01
6.925764427511731380e-01
2.355370452298501949e-01
-8.803549954746561212e-01
-1.150697815284831282e-01
4.171596065040035217e-01
-2.333495804299559051e-01
9.844037724203191786e-01
8.256136907941389325e-01
-1.982031656150056165e-01
7.794493846816465954e-01
3.219827402752148959e-01
-2.918837551734883018e-01
-3.905413879240300368e-01
-2.130194789797172916e-01
-7.651616741375615316e-01
-4.994919464232527861e-01
2.681091897294218818e-01
4.519872166927083601e-01
3.254859914155938672e-01
-3.548648539920287170e-01
3.812319442095757349e-01
7.189425670862952256e-01
2.817334582732655690e-02
-6.062535337860825990e-01
-2.422340576549826263e-01
-8.924294977887852198e-01
1.300684062128991680e-01
-5.455227600192347204e-02
1.813605933558166683e-01
-1.296305037385638848e-01
-6.235465459247679920e-01
-2.623824194010651034e-01
-9.791454709657834155e-01
6.814664074935237181e-01
-9.685577702794261334e-01
-8.618825850343871942e-01
8.682759662953132285e-01
4.737698881754286440e-01
9.978194918923861678e-01
-8.751381858579698747e-01
-7.169360937381277221e-01
2.367067313584780841e-02
7.151879258350115620e-01
2.443322855494718393e-01
-7.301056152074649752e-01
-7.395433417779522234e-01
-1.627872618064896137e-01
5.929540364836516364e-01
5.257830127392826292e-01
-9.463976068562420796e-01
-8.930580707847468602e-01
3.194532094065680727e-01
-8.031627338755951140e-01
-7.889706932472841938e-01
-2.985815827279791890e-01
8.336343229472107375e-01
-4.942711269137927133e-01
-6.245698646583770497e-01
-8.335699591722398605e-01
9.665783011385367107e-01
3.599525571883119834e-01
9.560886095369254267e-01
8.712864560892970012e-01
3.237691037483680923e-01
4.858428552995530669e-01
6.071136675994865950e-01
1.274708219740205983e-01
4.376741689615839537e-01
9.915653821630996401e-01
-7.126485311489154650e-01
-6.958578400889803284e-01
8.913981136281681206e-01
4.072586937360234138e-02
2.191086452330690548e-01
4.889375925130221567e-01
-8.183127082426331356e-01
1.950007787502539003e-03
4.114833901104912872e-01
-2.546897168626762742e-01
3.715531200224337915e-01
-2.717319286840211845e-01
8.698235195752432869e-01
5.249337502150952517e-02
4.688541422221230714e-01
-5.132606915086683763e-01
5.956257146796952728e-01
8.708918385923094529e-01
-9.911888816819811598e-01
-5.142311732788285017e-01
6.096647306438625069e-01
-1.196230261708395304e-01
2.861020096412498770e-01
3.889045833223112592e-01
9.873181146833573951e-01
4.364929934454095939e-01
-1.223156741201651965e-01
-8.529196469451125751e-01
4.660998231025259564e-02
5.464678498778841043e-01
8.536354712447267179e-01
-1.779089123753498924e-01
-3.380287616042374488e-01
-8.352915245349186169e-01
-9.314827635553408758e-01
-6.755550697648318170e-01
7.271251644578962114e-01
6.525937356705726611e-01
-6.088683204945002370e-01
3.790203926198918438e-01
4.708439232732610780e-01
-9.729511660616876334e-01
6.446548052059706269e-01
-3.834051956471711264e-01
8.982795050459735364e-03
5.908658093652809917e-01
-6.793398587575796288e-01
9.144958947433732277e-01
-3.437093145820857565e-01
2.994428827003148275e-01
4.020276306628087770e-01
1.243247683861730124e-01
-4.045768175302657532e-01
-3.718840832094294502e-01
8.954084404510553874e-02
-5.264951825883468217e-01
6.187161355720671718e-01
2.425448079429326498e-01
2.336670340099524790e-01
5.536084273998054250e-02
-2.879067418540808276e-01
3.797276393410988771e-01
3.123152174806198556e-01
-3.005337693837202284e-01
-5.721538461916926277e-01
-3.675359364248320659e-02
7.424382185733677808e-01
-5.956456402407923623e-01
8.913145158048907390e-01
8.053434079041426052e-01
9.798137777462256892e-02
-6.480857231751571135e-01
4.333614775805110231e-01
-2.784975003696772422e-01
7.953755750343636244e-01
8.620914670994967999e-01
-1.585299784569804693e-02
-7.858016266609815226e-01
6.373451445882261091e-02
9.249163970140297231e-01
7.070454491635480565e-01
-3.187322579594975558e-02
-7.018711322241886208e-01
-8.424709286459295399e-01
-5.850624747276007565e-01
5.923222857185979073e-01
7.544072577609948205e-01
-6.669262659003090121e-01
-7.793654127576443713e-02
-2.573099328351435844e-01
-5.100100187793612516e-01
-3.537718430244554124e-01
2.743811841358791970e-01
-9.127694157716788048e-01
7.513872966572034962e-01
-1.586773738846389836e-01
-5.943720469304445420e-01
4.385414366696445132e-01
8.646921299006571360e-01
-5.401308514572893404e-01
-2.533974633016877753e-02
-6.135099344497643159e-01
