-7.753968743507255734e-01
-8.949756607790604335e-02
-1.006064501012506218e+00
1.948488853747072813e+00
-3.994359948746901701e-01
1.154571782027669635e-01
4.498945136390167798e-01
-6.650420696441251556e-01
4.283301190621041643e-01
-9.114601001233009203e-01
-1.876423498502318155e-01
5.708518598279714862e-01
3.765612555563238595e-01
5.620831135537776024e-01
5.311571684447420338e-01
-4.183300672921991259e-01
-1.076972367422359689e+00
-4.570877263847326066e-01
-8.240507342466901752e-01
-5.588428452815981107e-01
1.843352657760187752e-01
5.362029969449795264e-01
7.737334709113703468e-01
-2.945714319126105929e-01
3.766941548585797106e-01
-1.111969881345291900e-01
-1.054524854104552656e-01
1.109010831627346150e+00
-3.569064796625384117e-01
1.724364439585672981e+00
8.595983209871194131e-01
6.523209504072312592e-01
1.149317996039197487e+00
4.015401018480976303e-01
-9.901604699020067901e-01
1.880350257073900300e-01
-2.400735764135699946e-01
1.085063738843241588e+00
7.929459572244694776e-01
3.917004311302649811e-01
5.255859399168761881e-01
7.190776581389719535e-01
1.028418972905741802e+00
-1.663427582166949081e+00
1.363656991616130298e+00
7.741317101446831828e-01
2.367114034571768943e-01
-1.736957514802223712e-01
6.426212050546844523e-01
1.158297079082704628e-01
-2.005739791229466995e+00
5.901093981765026530e-02
-2.964565181836558150e-01
-9.371341763837501282e-02
8.911734067292631511e-02
8.093811080785068279e-02
-1.032877064311531701e+00
-6.061000442419084422e-02
-5.010641577868195640e-01
9.365358740253578729e-01
5.483403122372588756e-01
1.091547384452078440e-01
-1.147677494962020095e+00
5.013895823840908150e-02
-4.643451994626873192e-01
1.040073671146797135e-01
-3.537867536239134858e-01
-1.945015936933134071e-01
-4.296794039599875492e-01
1.000946823376683004e-01
-1.394085292941332210e-01
-1.477985180379527197e+00
-7.770700760153423925e-01
-1.895701206715584841e-01
1.091734216829091941e-01
-6.591248221794223650e-01
-5.662395002310507408e-01
-2.336690425844065166e-01
8.783877812590678014e-01
1.519490414465964001e+00
1.643900554180666163e-02
3.507916880779482494e-01
1.206081076937459695e+00
9.069321758630813912e-01
5.755140638259393926e-01
4.120211255310929355e-02
-1.624619189664374130e-01
-4.150335187829837236e-01
-1.043423447659448944e-01
8.846906747903706680e-01
-2.459047886154689944e-01
-1.795596843160079725e+00
-2.847948548407939762e-01
-4.833663578860900589e-01
-5.739013872794294091e-01
-6.125472624185750448e-01
2.314875677149174305e+00
-1.026897391279131128e-01
-1.833996228363213632e+00
6.488913439592662868e-01
1.145881972048106989e-01
-2.694666474981622928e-01
-1.101922413942142409e-01
4.451903842505089415e-01
2.757270558320562004e-01
9.186267614458576425e-02
1.957027485349465967e-01
-9.588654955518624567e-02
-8.497812962361295241e-02
1.230193841591615822e-01
3.308407421624056655e-01
-7.506950593507932812e-01
1.484331266635440794e-01
-1.159146155950441015e+00
-9.140323075241728601e-01
-5.315249369253988165e-01
3.240525610078728302e-01
1.410690722262345709e+00
-2.186911180746815564e-01
-6.941909284163134686e-01
-4.565375664814079748e-01
-1.994126623974462165e+00
-1.722190693733003930e-01
8.471284470681980650e-02
4.673803719767266607e-01
7.252742925257660289e-02
-7.378401981781610441e-01
-7.337523735963367155e-01
1.426149736079551644e-01
4.037659628952348090e-01
-3.440051722641244147e-01
4.718384214949143396e-01
-1.987949734315944128e-01
-7.983638895889128007e-02
-1.819945461647187179e-01
2.180685935239810025e-01
5.618189180722881204e-01
3.838695696249305178e-01
-1.089295971795819912e-01
-7.933616275717689792e-01
-1.838184421123384982e-01
-4.563985516450554947e-01
4.835299631151220856e-01
2.579198233189972100e-02
-5.003059752697512907e-01
3.486080515055794971e-01
-6.066896562745432986e-01
3.315159816130616721e-01
-7.619398440946643092e-01
-4.498173677518420011e-01
-1.254230415981209434e+00
2.106643242319213183e+00
1.672749893925804088e+00
-5.938889984180144577e-01
6.370153892584579092e-03
-8.113569208733335536e-01
-5.784631033575197145e-01
-2.277419271639291587e-01
-7.986170973330168898e-01
-1.149319311613050454e+00
-2.403255461817065675e-01
-1.186974072800973112e-01
-1.576814372099010875e+00
-1.168515435853407503e-01
-4.670268461505594493e-01
4.926636468977332317e-01
6.698766081324448729e-01
-5.511191810383285761e-01
-4.549673867387908355e-01
1.425474030568641748e+00
6.635252990607589663e-01
3.645488037548788585e-02
1.609516548236531452e+00
1.538652772748085040e-01
4.091754551793034267e-01
-3.758276595619242100e-02
-5.018533107583951214e-01
-6.536949447468026753e-01
1.637596561762418301e-01
-6.359348551228237723e-01
1.234530889530225384e+00
8.616876384170422121e-01
-4.621826439204916592e-02
-1.204651642986214743e-01
-9.802474939677769949e-01
-4.241645108173597301e-02
-2.444649349503479896e-01
-5.042230631208355351e-01
1.973641057709210278e+00
3.651011347197649082e-01
7.907960792782798842e-01
8.032715860706526323e-01
-1.413003900322502115e+00
-3.016233172586705313e-01
7.957137599291365104e-01
1.741206884449683912e-01
3.473159293197387587e-01
6.430261276078730326e-02
-4.132977133684405113e-01
5.239217483726316821e-02
8.607865609716273125e-01
-5.122674892591260604e-02
-1.363913663148561550e-01
-1.061115689862100891e-01
1.077101318665026231e+00
5.095579862849153319e-01
2.011831420571079110e-01
-6.145492235730558583e-01
-5.661263569728940404e-01
-4.650975357893102902e-01
-2.460749297311880246e-01
-1.710516096114588214e-01
6.671600086801626750e-02
-1.691431474995181983e-01
6.569882336999440797e-01
-6.721182972177442982e-01
2.888726407366498106e-01
-5.018624870853412023e-01
8.706428616155703626e-01
-6.537433521712057716e-02
-8.306278564451641255e-02
-2.165159151608137267e-01
8.646899226213391465e-01
3.363849604859905917e-01
-2.359744709058715639e-01
-1.656697573542957214e+00
7.259432773799527894e-01
6.300595441130671936e-01
5.496403396951790032e-01
1.271111127416097997e-01
3.543842604103989991e-01
-3.677484071169225821e-01
-3.749079732196250458e-02
4.216635070457929735e-01
2.691779144799077983e-01
-5.036060542874649659e-01
-4.876210907164999497e-01
-3.153034812502850670e-01
-1.175994557532872520e+00
9.587180622006420683e-02
-9.913128808094086031e-01
2.909142233969450597e-01
-1.700760536068002537e-01
-1.665249551689735596e-01
8.019762948412345605e-01
-1.208567497820699638e-01
-2.935469006579048967e-01
7.254606927682067941e-01
-6.228854180328571299e-01
3.123727360388369734e-01
1.291582978595947839e+00
5.835585543335266578e-01
-6.382460200510697845e-01
1.744867982755665015e+00
-9.263397892955735902e-01
3.738556693184427182e-01
7.345832011092873204e-02
-1.791953655429302794e-01
2.532733505336653979e-01
-1.051736981587491293e+00
-7.481691421442508982e-01
-2.928469370963935892e-01
2.795882196127973396e-01
3.566764631937225927e-01
1.170939539858807610e+00
